run:
300000
300000
============Populacao Final========================
Cromossomo: [29, 30, 5, 6, 7, 25, 26, 27, 28, 20, 21, 22, 10, 11, 12, 13, 14, 15, 17, 18, 19, 16, 23, 24, 9, 8, 2, 3, 4, 39, 40, 41, 0, 1, 38, 37, 36, 35, 34, 33, 32, 31]
Aptidão   : 794.0

Cromossomo: [29, 30, 5, 6, 7, 25, 26, 27, 28, 20, 21, 22, 10, 11, 12, 13, 14, 15, 17, 18, 19, 16, 23, 24, 9, 8, 2, 3, 4, 1, 0, 41, 40, 39, 38, 37, 36, 35, 34, 33, 32, 31]
Aptidão   : 794.0

Cromossomo: [29, 30, 5, 6, 7, 25, 26, 27, 28, 20, 21, 10, 11, 12, 13, 14, 15, 17, 18, 19, 16, 22, 23, 24, 9, 8, 2, 3, 4, 39, 40, 41, 0, 1, 38, 37, 36, 35, 34, 33, 32, 31]
Aptidão   : 795.0

Cromossomo: [29, 30, 5, 6, 7, 25, 26, 27, 28, 20, 21, 10, 11, 12, 13, 14, 15, 17, 18, 19, 16, 22, 23, 24, 9, 8, 2, 3, 4, 1, 0, 41, 40, 39, 38, 37, 36, 35, 34, 33, 32, 31]
Aptidão   : 795.0

Cromossomo: [29, 30, 5, 6, 7, 25, 26, 27, 28, 20, 21, 22, 10, 11, 12, 13, 14, 15, 17, 18, 19, 16, 23, 24, 9, 8, 2, 3, 4, 39, 40, 0, 41, 1, 38, 37, 36, 35, 34, 33, 32, 31]
Aptidão   : 795.0

Cromossomo: [29, 30, 5, 6, 7, 25, 26, 27, 28, 20, 21, 22, 10, 11, 12, 13, 14, 15, 17, 18, 19, 16, 23, 24, 9, 8, 2, 3, 4, 1, 41, 0, 40, 39, 38, 37, 36, 35, 34, 33, 32, 31]
Aptidão   : 795.0

Cromossomo: [29, 30, 5, 6, 7, 24, 25, 26, 27, 28, 20, 21, 22, 10, 11, 12, 13, 14, 15, 17, 18, 19, 16, 23, 9, 8, 2, 3, 4, 1, 0, 41, 40, 39, 38, 37, 36, 35, 34, 33, 32, 31]
Aptidão   : 795.0

Cromossomo: [29, 30, 5, 6, 7, 24, 25, 26, 27, 28, 20, 21, 22, 10, 11, 12, 13, 14, 15, 17, 18, 19, 16, 23, 9, 8, 2, 3, 4, 39, 40, 41, 0, 1, 38, 37, 36, 35, 34, 33, 32, 31]
Aptidão   : 795.0

Cromossomo: [29, 30, 5, 6, 7, 25, 26, 27, 28, 20, 21, 10, 11, 12, 13, 14, 15, 17, 18, 19, 16, 22, 23, 24, 9, 8, 2, 3, 4, 1, 41, 0, 40, 39, 38, 37, 36, 35, 34, 33, 32, 31]
Aptidão   : 796.0

Cromossomo: [29, 30, 5, 6, 7, 25, 26, 27, 28, 20, 21, 10, 11, 12, 13, 14, 15, 17, 18, 19, 16, 22, 23, 24, 9, 8, 2, 3, 4, 39, 40, 0, 41, 1, 38, 37, 36, 35, 34, 33, 32, 31]
Aptidão   : 796.0

Cromossomo: [29, 30, 5, 6, 8, 9, 24, 25, 26, 27, 28, 20, 21, 22, 10, 11, 12, 13, 14, 15, 17, 18, 19, 16, 23, 7, 2, 3, 4, 39, 40, 41, 0, 1, 38, 37, 36, 35, 34, 33, 32, 31]
Aptidão   : 796.0

Cromossomo: [29, 30, 5, 6, 8, 9, 24, 25, 26, 27, 28, 20, 21, 22, 10, 11, 12, 13, 14, 15, 17, 18, 19, 16, 23, 7, 2, 3, 4, 1, 0, 41, 40, 39, 38, 37, 36, 35, 34, 33, 32, 31]
Aptidão   : 796.0

Cromossomo: [29, 30, 5, 6, 7, 24, 25, 26, 27, 28, 20, 21, 22, 10, 11, 12, 13, 14, 15, 17, 18, 19, 16, 23, 9, 8, 2, 3, 4, 1, 41, 0, 40, 39, 38, 37, 36, 35, 34, 33, 32, 31]
Aptidão   : 796.0

Cromossomo: [29, 30, 5, 6, 7, 24, 25, 26, 27, 28, 20, 21, 22, 10, 11, 12, 13, 14, 15, 17, 18, 19, 16, 23, 9, 8, 2, 3, 4, 39, 40, 0, 41, 1, 38, 37, 36, 35, 34, 33, 32, 31]
Aptidão   : 796.0

Cromossomo: [29, 30, 5, 6, 7, 24, 25, 26, 27, 28, 20, 21, 10, 11, 12, 13, 14, 15, 17, 18, 19, 16, 22, 23, 9, 8, 2, 3, 4, 1, 0, 41, 40, 39, 38, 37, 36, 35, 34, 33, 32, 31]
Aptidão   : 796.0

Cromossomo: [29, 30, 5, 6, 7, 24, 25, 26, 27, 28, 20, 21, 10, 11, 12, 13, 14, 15, 17, 18, 19, 16, 22, 23, 9, 8, 2, 3, 4, 39, 40, 41, 0, 1, 38, 37, 36, 35, 34, 33, 32, 31]
Aptidão   : 796.0

Cromossomo: [29, 30, 5, 6, 7, 25, 26, 27, 28, 20, 21, 22, 10, 11, 12, 13, 14, 15, 17, 18, 19, 16, 23, 24, 9, 8, 2, 3, 4, 39, 1, 0, 41, 40, 38, 37, 36, 35, 34, 33, 32, 31]
Aptidão   : 797.0

Cromossomo: [29, 30, 5, 6, 7, 8, 9, 24, 25, 26, 27, 28, 20, 21, 22, 10, 11, 12, 13, 14, 15, 17, 18, 19, 16, 23, 2, 3, 4, 39, 40, 41, 0, 1, 38, 37, 36, 35, 34, 33, 32, 31]
Aptidão   : 797.0

Cromossomo: [29, 30, 5, 6, 7, 25, 26, 27, 28, 20, 21, 22, 10, 11, 12, 13, 14, 15, 17, 18, 19, 16, 23, 24, 9, 8, 2, 3, 4, 39, 40, 41, 0, 1, 38, 37, 36, 35, 34, 33, 31, 32]
Aptidão   : 797.0

Cromossomo: [29, 30, 5, 6, 7, 8, 9, 24, 25, 26, 27, 28, 20, 21, 22, 10, 11, 12, 13, 14, 15, 17, 18, 19, 16, 23, 2, 3, 4, 1, 0, 41, 40, 39, 38, 37, 36, 35, 34, 33, 32, 31]
Aptidão   : 797.0

Cromossomo: [29, 30, 5, 6, 7, 25, 26, 28, 27, 20, 21, 22, 10, 11, 12, 13, 14, 15, 17, 18, 19, 16, 23, 24, 9, 8, 2, 3, 4, 1, 0, 41, 40, 39, 38, 37, 36, 35, 34, 33, 32, 31]
Aptidão   : 797.0

Cromossomo: [29, 30, 5, 6, 7, 25, 26, 27, 28, 20, 21, 22, 10, 11, 12, 13, 14, 15, 17, 18, 19, 16, 23, 24, 9, 8, 2, 3, 4, 1, 0, 41, 40, 39, 38, 37, 36, 35, 34, 33, 31, 32]
Aptidão   : 797.0

Cromossomo: [29, 30, 5, 6, 7, 25, 26, 28, 27, 20, 21, 22, 10, 11, 12, 13, 14, 15, 17, 18, 19, 16, 23, 24, 9, 8, 2, 3, 4, 39, 40, 41, 0, 1, 38, 37, 36, 35, 34, 33, 32, 31]
Aptidão   : 797.0

Cromossomo: [29, 30, 5, 6, 8, 9, 24, 25, 26, 27, 28, 20, 21, 10, 11, 12, 13, 14, 15, 17, 18, 19, 16, 22, 23, 7, 2, 3, 4, 39, 40, 41, 0, 1, 38, 37, 36, 35, 34, 33, 32, 31]
Aptidão   : 797.0

Cromossomo: [29, 30, 5, 6, 8, 9, 24, 25, 26, 27, 28, 20, 21, 10, 11, 12, 13, 14, 15, 17, 18, 19, 16, 22, 23, 7, 2, 3, 4, 1, 0, 41, 40, 39, 38, 37, 36, 35, 34, 33, 32, 31]
Aptidão   : 797.0

Cromossomo: [29, 30, 5, 6, 8, 9, 25, 26, 27, 28, 20, 21, 22, 10, 11, 12, 13, 14, 15, 17, 18, 19, 16, 23, 24, 7, 2, 3, 4, 1, 0, 41, 40, 39, 38, 37, 36, 35, 34, 33, 32, 31]
Aptidão   : 797.0

Cromossomo: [29, 30, 5, 6, 8, 9, 24, 25, 26, 27, 28, 20, 21, 22, 10, 11, 12, 13, 14, 15, 17, 18, 19, 16, 23, 7, 2, 3, 4, 1, 41, 0, 40, 39, 38, 37, 36, 35, 34, 33, 32, 31]
Aptidão   : 797.0

Cromossomo: [29, 30, 5, 6, 8, 9, 24, 25, 26, 27, 28, 20, 21, 22, 10, 11, 12, 13, 14, 15, 17, 18, 19, 16, 23, 7, 2, 3, 4, 39, 40, 0, 41, 1, 38, 37, 36, 35, 34, 33, 32, 31]
Aptidão   : 797.0

Cromossomo: [29, 30, 5, 6, 8, 9, 25, 26, 27, 28, 20, 21, 22, 10, 11, 12, 13, 14, 15, 17, 18, 19, 16, 23, 24, 7, 2, 3, 4, 39, 40, 41, 0, 1, 38, 37, 36, 35, 34, 33, 32, 31]
Aptidão   : 797.0

Cromossomo: [29, 30, 5, 6, 7, 24, 25, 26, 27, 28, 20, 21, 10, 11, 12, 13, 14, 15, 17, 18, 19, 16, 22, 23, 9, 8, 2, 3, 4, 39, 40, 0, 41, 1, 38, 37, 36, 35, 34, 33, 32, 31]
Aptidão   : 797.0

Cromossomo: [29, 30, 5, 6, 7, 24, 25, 26, 27, 28, 20, 21, 10, 11, 12, 13, 14, 15, 17, 18, 19, 16, 22, 23, 9, 8, 2, 3, 4, 1, 41, 0, 40, 39, 38, 37, 36, 35, 34, 33, 32, 31]
Aptidão   : 797.0

Cromossomo: [29, 30, 5, 6, 7, 25, 26, 27, 28, 20, 21, 10, 11, 12, 13, 14, 15, 17, 18, 19, 16, 22, 23, 24, 9, 8, 2, 3, 4, 39, 1, 0, 41, 40, 38, 37, 36, 35, 34, 33, 32, 31]
Aptidão   : 798.0

Cromossomo: [29, 30, 5, 6, 7, 25, 26, 27, 28, 20, 21, 10, 11, 12, 13, 14, 15, 17, 18, 19, 16, 22, 23, 24, 9, 8, 2, 3, 4, 39, 40, 41, 0, 1, 38, 37, 36, 35, 34, 33, 31, 32]
Aptidão   : 798.0

Cromossomo: [29, 30, 5, 6, 7, 8, 9, 24, 25, 26, 27, 28, 20, 21, 10, 11, 12, 13, 14, 15, 17, 18, 19, 16, 22, 23, 2, 3, 4, 1, 0, 41, 40, 39, 38, 37, 36, 35, 34, 33, 32, 31]
Aptidão   : 798.0

Cromossomo: [29, 30, 5, 6, 7, 25, 26, 27, 28, 20, 21, 22, 10, 11, 12, 13, 14, 15, 17, 18, 19, 16, 23, 24, 9, 8, 2, 3, 4, 39, 40, 0, 41, 1, 38, 37, 36, 35, 34, 33, 31, 32]
Aptidão   : 798.0

Cromossomo: [29, 30, 5, 6, 7, 8, 9, 24, 25, 26, 27, 28, 20, 21, 22, 10, 11, 12, 13, 14, 15, 17, 18, 19, 16, 23, 2, 3, 4, 1, 41, 0, 40, 39, 38, 37, 36, 35, 34, 33, 32, 31]
Aptidão   : 798.0

Cromossomo: [29, 30, 5, 6, 7, 25, 26, 28, 27, 20, 21, 10, 11, 12, 13, 14, 15, 17, 18, 19, 16, 22, 23, 24, 9, 8, 2, 3, 4, 39, 40, 41, 0, 1, 38, 37, 36, 35, 34, 33, 32, 31]
Aptidão   : 798.0

Cromossomo: [29, 30, 5, 6, 7, 25, 26, 28, 27, 20, 21, 10, 11, 12, 13, 14, 15, 17, 18, 19, 16, 22, 23, 24, 9, 8, 2, 3, 4, 1, 0, 41, 40, 39, 38, 37, 36, 35, 34, 33, 32, 31]
Aptidão   : 798.0

Cromossomo: [29, 30, 5, 6, 7, 25, 26, 27, 28, 20, 21, 10, 11, 12, 13, 14, 15, 17, 18, 19, 16, 22, 23, 24, 9, 8, 2, 3, 4, 1, 0, 41, 40, 39, 38, 37, 36, 35, 34, 33, 31, 32]
Aptidão   : 798.0

Cromossomo: [29, 30, 5, 6, 7, 25, 26, 28, 27, 20, 21, 22, 10, 11, 12, 13, 14, 15, 17, 18, 19, 16, 23, 24, 9, 8, 2, 3, 4, 39, 40, 0, 41, 1, 38, 37, 36, 35, 34, 33, 32, 31]
Aptidão   : 798.0

Cromossomo: [29, 30, 5, 6, 7, 8, 9, 24, 25, 26, 27, 28, 20, 21, 10, 11, 12, 13, 14, 15, 17, 18, 19, 16, 22, 23, 2, 3, 4, 39, 40, 41, 0, 1, 38, 37, 36, 35, 34, 33, 32, 31]
Aptidão   : 798.0

Cromossomo: [29, 30, 5, 6, 7, 8, 9, 24, 25, 26, 27, 28, 20, 21, 22, 10, 11, 12, 13, 14, 15, 17, 18, 19, 16, 23, 2, 3, 4, 39, 40, 0, 41, 1, 38, 37, 36, 35, 34, 33, 32, 31]
Aptidão   : 798.0

Cromossomo: [29, 30, 5, 6, 7, 25, 26, 27, 28, 20, 21, 22, 10, 11, 12, 13, 14, 15, 17, 18, 19, 16, 23, 24, 9, 8, 2, 3, 4, 39, 1, 41, 0, 40, 38, 37, 36, 35, 34, 33, 32, 31]
Aptidão   : 798.0

Cromossomo: [29, 30, 5, 6, 7, 25, 26, 28, 27, 20, 21, 22, 10, 11, 12, 13, 14, 15, 17, 18, 19, 16, 23, 24, 9, 8, 2, 3, 4, 1, 41, 0, 40, 39, 38, 37, 36, 35, 34, 33, 32, 31]
Aptidão   : 798.0

Cromossomo: [29, 30, 5, 6, 7, 25, 26, 27, 28, 20, 21, 22, 10, 11, 12, 13, 14, 15, 17, 18, 19, 16, 23, 24, 9, 8, 2, 3, 4, 1, 41, 0, 40, 39, 38, 37, 36, 35, 34, 33, 31, 32]
Aptidão   : 798.0

Cromossomo: [29, 30, 5, 6, 8, 9, 24, 25, 26, 27, 28, 20, 21, 10, 11, 12, 13, 14, 15, 17, 18, 19, 16, 22, 23, 7, 2, 3, 4, 39, 40, 0, 41, 1, 38, 37, 36, 35, 34, 33, 32, 31]
Aptidão   : 798.0

Cromossomo: [29, 30, 5, 6, 8, 9, 24, 25, 26, 27, 28, 20, 21, 10, 11, 12, 13, 14, 15, 17, 18, 19, 16, 22, 23, 7, 2, 3, 4, 1, 41, 0, 40, 39, 38, 37, 36, 35, 34, 33, 32, 31]
Aptidão   : 798.0

Cromossomo: [29, 30, 5, 6, 8, 9, 25, 26, 27, 28, 20, 21, 22, 10, 11, 12, 13, 14, 15, 17, 18, 19, 16, 23, 24, 7, 2, 3, 4, 39, 40, 0, 41, 1, 38, 37, 36, 35, 34, 33, 32, 31]
Aptidão   : 798.0

Cromossomo: [29, 30, 5, 6, 8, 9, 25, 26, 27, 28, 20, 21, 22, 10, 11, 12, 13, 14, 15, 17, 18, 19, 16, 23, 24, 7, 2, 3, 4, 1, 41, 0, 40, 39, 38, 37, 36, 35, 34, 33, 32, 31]
Aptidão   : 798.0

Cromossomo: [29, 30, 5, 6, 8, 9, 25, 26, 27, 28, 20, 21, 10, 11, 12, 13, 14, 15, 17, 18, 19, 16, 22, 23, 24, 7, 2, 3, 4, 39, 40, 41, 0, 1, 38, 37, 36, 35, 34, 33, 32, 31]
Aptidão   : 798.0

Cromossomo: [29, 30, 5, 6, 8, 9, 25, 26, 27, 28, 20, 21, 10, 11, 12, 13, 14, 15, 17, 18, 19, 16, 22, 23, 24, 7, 2, 3, 4, 1, 0, 41, 40, 39, 38, 37, 36, 35, 34, 33, 32, 31]
Aptidão   : 798.0

Cromossomo: [29, 30, 5, 6, 7, 24, 25, 26, 27, 28, 20, 21, 22, 10, 11, 12, 13, 14, 15, 17, 18, 19, 16, 23, 9, 8, 2, 3, 4, 39, 1, 0, 41, 40, 38, 37, 36, 35, 34, 33, 32, 31]
Aptidão   : 798.0

Cromossomo: [29, 30, 5, 6, 7, 24, 25, 26, 27, 28, 20, 21, 22, 10, 11, 12, 13, 14, 15, 17, 18, 19, 16, 23, 9, 8, 2, 3, 4, 1, 0, 41, 40, 39, 38, 37, 36, 35, 34, 33, 31, 32]
Aptidão   : 798.0

Cromossomo: [29, 30, 5, 6, 7, 24, 25, 26, 27, 28, 20, 21, 22, 10, 11, 12, 13, 14, 15, 17, 18, 19, 16, 23, 9, 8, 2, 3, 4, 39, 40, 41, 0, 1, 38, 37, 36, 35, 34, 33, 31, 32]
Aptidão   : 798.0

Cromossomo: [29, 30, 5, 6, 7, 24, 25, 26, 28, 27, 20, 21, 22, 10, 11, 12, 13, 14, 15, 17, 18, 19, 16, 23, 9, 8, 2, 3, 4, 39, 40, 41, 0, 1, 38, 37, 36, 35, 34, 33, 32, 31]
Aptidão   : 798.0

Cromossomo: [29, 30, 5, 6, 7, 24, 25, 26, 28, 27, 20, 21, 22, 10, 11, 12, 13, 14, 15, 17, 18, 19, 16, 23, 9, 8, 2, 3, 4, 1, 0, 41, 40, 39, 38, 37, 36, 35, 34, 33, 32, 31]
Aptidão   : 798.0

Cromossomo: [29, 30, 5, 6, 7, 25, 26, 28, 27, 20, 21, 10, 11, 12, 13, 14, 15, 17, 18, 19, 16, 22, 23, 24, 9, 8, 2, 3, 4, 39, 40, 0, 41, 1, 38, 37, 36, 35, 34, 33, 32, 31]
Aptidão   : 799.0

Cromossomo: [29, 30, 5, 6, 7, 25, 26, 28, 27, 20, 21, 10, 11, 12, 13, 14, 15, 17, 18, 19, 16, 22, 23, 24, 9, 8, 2, 3, 4, 1, 41, 0, 40, 39, 38, 37, 36, 35, 34, 33, 32, 31]
Aptidão   : 799.0

Cromossomo: [29, 30, 5, 6, 7, 25, 26, 27, 28, 20, 21, 10, 11, 12, 13, 14, 15, 17, 18, 19, 16, 22, 23, 24, 9, 8, 2, 3, 4, 39, 40, 0, 41, 1, 38, 37, 36, 35, 34, 33, 31, 32]
Aptidão   : 799.0

Cromossomo: [29, 30, 5, 6, 7, 25, 26, 27, 28, 20, 21, 10, 11, 12, 13, 14, 15, 17, 18, 19, 16, 22, 23, 24, 9, 8, 2, 3, 4, 1, 41, 0, 40, 39, 38, 37, 36, 35, 34, 33, 31, 32]
Aptidão   : 799.0

Cromossomo: [29, 30, 5, 6, 7, 8, 9, 24, 25, 26, 27, 28, 20, 21, 10, 11, 12, 13, 14, 15, 17, 18, 19, 16, 22, 23, 2, 3, 4, 39, 40, 0, 41, 1, 38, 37, 36, 35, 34, 33, 32, 31]
Aptidão   : 799.0

Cromossomo: [29, 30, 5, 6, 7, 25, 26, 27, 28, 20, 21, 22, 10, 11, 12, 13, 14, 15, 17, 18, 19, 16, 23, 24, 9, 8, 2, 3, 4, 39, 40, 41, 1, 0, 38, 37, 36, 35, 34, 33, 32, 31]
Aptidão   : 799.0

Cromossomo: [30, 29, 5, 6, 7, 25, 26, 27, 28, 20, 21, 22, 10, 11, 12, 13, 14, 15, 17, 18, 19, 16, 23, 24, 9, 8, 2, 3, 4, 1, 0, 41, 40, 39, 38, 37, 36, 35, 34, 33, 32, 31]
Aptidão   : 799.0

Cromossomo: [29, 30, 5, 6, 7, 8, 9, 24, 25, 26, 27, 28, 20, 21, 10, 11, 12, 13, 14, 15, 17, 18, 19, 16, 22, 23, 2, 3, 4, 1, 41, 0, 40, 39, 38, 37, 36, 35, 34, 33, 32, 31]
Aptidão   : 799.0

Cromossomo: [29, 30, 5, 6, 7, 25, 26, 27, 28, 20, 21, 22, 10, 11, 12, 13, 14, 15, 17, 18, 19, 16, 23, 24, 9, 8, 2, 3, 4, 39, 41, 40, 0, 1, 38, 37, 36, 35, 34, 33, 32, 31]
Aptidão   : 799.0

Cromossomo: [29, 30, 5, 6, 7, 8, 9, 25, 26, 27, 28, 20, 21, 22, 10, 11, 12, 13, 14, 15, 17, 18, 19, 16, 23, 24, 2, 3, 4, 39, 40, 41, 0, 1, 38, 37, 36, 35, 34, 33, 32, 31]
Aptidão   : 799.0

Cromossomo: [30, 29, 5, 6, 7, 25, 26, 27, 28, 20, 21, 22, 10, 11, 12, 13, 14, 15, 17, 18, 19, 16, 23, 24, 9, 8, 2, 3, 4, 39, 40, 41, 0, 1, 38, 37, 36, 35, 34, 33, 32, 31]
Aptidão   : 799.0

Cromossomo: [29, 30, 5, 6, 7, 26, 25, 27, 28, 20, 21, 22, 10, 11, 12, 13, 14, 15, 17, 18, 19, 16, 23, 24, 9, 8, 2, 3, 4, 39, 40, 41, 0, 1, 38, 37, 36, 35, 34, 33, 32, 31]
Aptidão   : 799.0

Cromossomo: [29, 30, 5, 6, 7, 25, 26, 27, 28, 20, 21, 10, 11, 12, 13, 14, 15, 17, 18, 19, 16, 22, 23, 24, 9, 8, 2, 3, 4, 39, 1, 41, 0, 40, 38, 37, 36, 35, 34, 33, 32, 31]
Aptidão   : 799.0

Cromossomo: [29, 30, 5, 6, 7, 8, 9, 25, 26, 27, 28, 20, 21, 22, 10, 11, 12, 13, 14, 15, 17, 18, 19, 16, 23, 24, 2, 3, 4, 1, 0, 41, 40, 39, 38, 37, 36, 35, 34, 33, 32, 31]
Aptidão   : 799.0

Cromossomo: [29, 30, 5, 6, 7, 26, 25, 27, 28, 20, 21, 22, 10, 11, 12, 13, 14, 15, 17, 18, 19, 16, 23, 24, 9, 8, 2, 3, 4, 1, 0, 41, 40, 39, 38, 37, 36, 35, 34, 33, 32, 31]
Aptidão   : 799.0

Cromossomo: [29, 30, 5, 6, 7, 25, 26, 27, 28, 20, 21, 22, 10, 11, 12, 13, 14, 15, 17, 18, 19, 16, 23, 24, 9, 8, 2, 3, 4, 39, 40, 0, 1, 41, 38, 37, 36, 35, 34, 33, 32, 31]
Aptidão   : 799.0

Cromossomo: [29, 30, 5, 6, 7, 25, 26, 27, 28, 20, 21, 22, 10, 11, 12, 13, 14, 15, 17, 18, 19, 16, 23, 24, 9, 8, 2, 3, 4, 1, 0, 40, 41, 39, 38, 37, 36, 35, 34, 33, 32, 31]
Aptidão   : 799.0

Cromossomo: [29, 30, 5, 6, 8, 9, 24, 25, 26, 27, 28, 20, 21, 22, 10, 11, 12, 13, 14, 15, 17, 18, 19, 16, 23, 7, 2, 3, 4, 1, 0, 41, 40, 39, 38, 37, 36, 35, 34, 33, 31, 32]
Aptidão   : 799.0

Cromossomo: [29, 30, 5, 6, 8, 9, 24, 25, 26, 27, 28, 20, 21, 22, 10, 11, 12, 13, 14, 15, 17, 18, 19, 16, 23, 7, 2, 3, 4, 39, 1, 0, 41, 40, 38, 37, 36, 35, 34, 33, 32, 31]
Aptidão   : 799.0

Cromossomo: [29, 30, 5, 6, 8, 9, 24, 25, 26, 27, 28, 20, 21, 22, 10, 11, 12, 13, 14, 15, 17, 18, 19, 16, 23, 7, 2, 3, 4, 39, 40, 41, 0, 1, 38, 37, 36, 35, 34, 33, 31, 32]
Aptidão   : 799.0

Cromossomo: [29, 30, 5, 6, 8, 9, 24, 25, 26, 28, 27, 20, 21, 22, 10, 11, 12, 13, 14, 15, 17, 18, 19, 16, 23, 7, 2, 3, 4, 39, 40, 41, 0, 1, 38, 37, 36, 35, 34, 33, 32, 31]
Aptidão   : 799.0

Cromossomo: [29, 30, 5, 6, 8, 9, 24, 25, 26, 28, 27, 20, 21, 22, 10, 11, 12, 13, 14, 15, 17, 18, 19, 16, 23, 7, 2, 3, 4, 1, 0, 41, 40, 39, 38, 37, 36, 35, 34, 33, 32, 31]
Aptidão   : 799.0

Cromossomo: [29, 30, 5, 6, 8, 9, 25, 26, 27, 28, 20, 21, 10, 11, 12, 13, 14, 15, 17, 18, 19, 16, 22, 23, 24, 7, 2, 3, 4, 39, 40, 0, 41, 1, 38, 37, 36, 35, 34, 33, 32, 31]
Aptidão   : 799.0

Cromossomo: [29, 30, 5, 6, 8, 9, 25, 26, 27, 28, 20, 21, 10, 11, 12, 13, 14, 15, 17, 18, 19, 16, 22, 23, 24, 7, 2, 3, 4, 1, 41, 0, 40, 39, 38, 37, 36, 35, 34, 33, 32, 31]
Aptidão   : 799.0

Cromossomo: [29, 30, 5, 6, 7, 24, 25, 26, 27, 28, 20, 21, 22, 10, 11, 12, 13, 14, 15, 17, 18, 19, 16, 23, 9, 8, 2, 3, 4, 1, 41, 0, 40, 39, 38, 37, 36, 35, 34, 33, 31, 32]
Aptidão   : 799.0

Cromossomo: [29, 30, 5, 6, 7, 24, 25, 26, 27, 28, 20, 21, 10, 11, 12, 13, 14, 15, 17, 18, 19, 16, 22, 23, 9, 8, 2, 3, 4, 39, 40, 41, 0, 1, 38, 37, 36, 35, 34, 33, 31, 32]
Aptidão   : 799.0

Cromossomo: [29, 30, 5, 6, 7, 24, 25, 26, 27, 28, 20, 21, 22, 10, 11, 12, 13, 14, 15, 17, 18, 19, 16, 23, 9, 8, 2, 3, 4, 39, 1, 41, 0, 40, 38, 37, 36, 35, 34, 33, 32, 31]
Aptidão   : 799.0

Cromossomo: [29, 30, 5, 6, 7, 24, 25, 26, 27, 28, 20, 21, 10, 11, 12, 13, 14, 15, 17, 18, 19, 16, 22, 23, 9, 8, 2, 3, 4, 39, 1, 0, 41, 40, 38, 37, 36, 35, 34, 33, 32, 31]
Aptidão   : 799.0

Cromossomo: [29, 30, 5, 6, 7, 24, 25, 26, 27, 28, 20, 21, 22, 10, 11, 12, 13, 14, 15, 17, 18, 19, 16, 23, 9, 8, 2, 3, 4, 39, 40, 0, 41, 1, 38, 37, 36, 35, 34, 33, 31, 32]
Aptidão   : 799.0

Cromossomo: [29, 30, 5, 6, 7, 24, 25, 26, 27, 28, 20, 21, 10, 11, 12, 13, 14, 15, 17, 18, 19, 16, 22, 23, 9, 8, 2, 3, 4, 1, 0, 41, 40, 39, 38, 37, 36, 35, 34, 33, 31, 32]
Aptidão   : 799.0

Cromossomo: [29, 30, 5, 6, 7, 24, 25, 26, 28, 27, 20, 21, 10, 11, 12, 13, 14, 15, 17, 18, 19, 16, 22, 23, 9, 8, 2, 3, 4, 1, 0, 41, 40, 39, 38, 37, 36, 35, 34, 33, 32, 31]
Aptidão   : 799.0

Cromossomo: [29, 30, 5, 6, 7, 24, 25, 26, 28, 27, 20, 21, 22, 10, 11, 12, 13, 14, 15, 17, 18, 19, 16, 23, 9, 8, 2, 3, 4, 39, 40, 0, 41, 1, 38, 37, 36, 35, 34, 33, 32, 31]
Aptidão   : 799.0

Cromossomo: [29, 30, 5, 6, 7, 24, 25, 26, 28, 27, 20, 21, 22, 10, 11, 12, 13, 14, 15, 17, 18, 19, 16, 23, 9, 8, 2, 3, 4, 1, 41, 0, 40, 39, 38, 37, 36, 35, 34, 33, 32, 31]
Aptidão   : 799.0

Cromossomo: [29, 30, 5, 6, 7, 24, 25, 26, 28, 27, 20, 21, 10, 11, 12, 13, 14, 15, 17, 18, 19, 16, 22, 23, 9, 8, 2, 3, 4, 39, 40, 41, 0, 1, 38, 37, 36, 35, 34, 33, 32, 31]
Aptidão   : 799.0

Cromossomo: [29, 30, 5, 6, 7, 25, 26, 27, 28, 20, 21, 10, 11, 12, 13, 14, 15, 17, 18, 19, 16, 22, 23, 24, 9, 8, 2, 3, 4, 39, 40, 41, 1, 0, 38, 37, 36, 35, 34, 33, 32, 31]
Aptidão   : 800.0

Cromossomo: [29, 30, 5, 6, 7, 26, 25, 27, 28, 20, 21, 10, 11, 12, 13, 14, 15, 17, 18, 19, 16, 22, 23, 24, 9, 8, 2, 3, 4, 39, 40, 41, 0, 1, 38, 37, 36, 35, 34, 33, 32, 31]
Aptidão   : 800.0

Cromossomo: [29, 30, 5, 6, 7, 26, 25, 27, 28, 20, 21, 10, 11, 12, 13, 14, 15, 17, 18, 19, 16, 22, 23, 24, 9, 8, 2, 3, 4, 1, 0, 41, 40, 39, 38, 37, 36, 35, 34, 33, 32, 31]
Aptidão   : 800.0

Cromossomo: [29, 30, 5, 6, 7, 25, 26, 27, 28, 20, 21, 10, 11, 12, 13, 14, 15, 17, 18, 19, 16, 22, 23, 24, 9, 8, 2, 3, 4, 39, 41, 40, 0, 1, 38, 37, 36, 35, 34, 33, 32, 31]
Aptidão   : 800.0

Cromossomo: [29, 30, 5, 6, 7, 8, 9, 24, 25, 26, 28, 27, 20, 21, 22, 10, 11, 12, 13, 14, 15, 17, 18, 19, 16, 23, 2, 3, 4, 39, 40, 41, 0, 1, 38, 37, 36, 35, 34, 33, 32, 31]
Aptidão   : 800.0

Cromossomo: [29, 30, 5, 6, 7, 8, 9, 24, 25, 26, 28, 27, 20, 21, 22, 10, 11, 12, 13, 14, 15, 17, 18, 19, 16, 23, 2, 3, 4, 1, 0, 41, 40, 39, 38, 37, 36, 35, 34, 33, 32, 31]
Aptidão   : 800.0

Cromossomo: [30, 29, 5, 6, 7, 25, 26, 27, 28, 20, 21, 22, 10, 11, 12, 13, 14, 15, 17, 18, 19, 16, 23, 24, 9, 8, 2, 3, 4, 39, 40, 0, 41, 1, 38, 37, 36, 35, 34, 33, 32, 31]
Aptidão   : 800.0

Cromossomo: [29, 30, 5, 6, 7, 8, 9, 25, 26, 27, 28, 20, 21, 10, 11, 12, 13, 14, 15, 17, 18, 19, 16, 22, 23, 24, 2, 3, 4, 39, 40, 41, 0, 1, 38, 37, 36, 35, 34, 33, 32, 31]
Aptidão   : 800.0

Cromossomo: [29, 30, 5, 6, 7, 25, 26, 27, 28, 20, 21, 22, 10, 11, 12, 13, 14, 15, 17, 18, 19, 16, 23, 24, 9, 8, 2, 3, 4, 39, 0, 40, 41, 1, 38, 37, 36, 35, 34, 33, 32, 31]
Aptidão   : 800.0

Cromossomo: [29, 30, 5, 6, 7, 26, 25, 28, 27, 20, 21, 22, 10, 11, 12, 13, 14, 15, 17, 18, 19, 16, 23, 24, 9, 8, 2, 3, 4, 39, 40, 41, 0, 1, 38, 37, 36, 35, 34, 33, 32, 31]
Aptidão   : 800.0

Cromossomo: [29, 30, 5, 6, 7, 25, 26, 27, 28, 20, 21, 22, 10, 11, 12, 13, 14, 15, 17, 18, 19, 16, 23, 24, 9, 8, 2, 3, 4, 39, 0, 1, 41, 40, 38, 37, 36, 35, 34, 33, 32, 31]
Aptidão   : 800.0

Cromossomo: [29, 30, 5, 6, 7, 8, 9, 24, 25, 26, 27, 28, 20, 21, 22, 10, 11, 12, 13, 14, 15, 17, 18, 19, 16, 23, 2, 3, 4, 39, 40, 41, 0, 1, 38, 37, 36, 35, 34, 33, 31, 32]
Aptidão   : 800.0

Cromossomo: [30, 29, 5, 6, 7, 25, 26, 27, 28, 20, 21, 22, 10, 11, 12, 13, 14, 15, 17, 18, 19, 16, 23, 24, 9, 8, 2, 3, 4, 1, 41, 0, 40, 39, 38, 37, 36, 35, 34, 33, 32, 31]
Aptidão   : 800.0

Cromossomo: [29, 30, 5, 6, 7, 8, 9, 25, 26, 27, 28, 20, 21, 22, 10, 11, 12, 13, 14, 15, 17, 18, 19, 16, 23, 24, 2, 3, 4, 39, 40, 0, 41, 1, 38, 37, 36, 35, 34, 33, 32, 31]
Aptidão   : 800.0

Cromossomo: [29, 30, 5, 6, 7, 25, 26, 27, 28, 20, 21, 22, 10, 11, 12, 13, 14, 15, 17, 18, 19, 16, 23, 24, 9, 8, 2, 3, 4, 39, 1, 0, 41, 40, 38, 37, 36, 35, 34, 33, 31, 32]
Aptidão   : 800.0

Cromossomo: [29, 30, 5, 6, 7, 8, 9, 25, 26, 27, 28, 20, 21, 10, 11, 12, 13, 14, 15, 17, 18, 19, 16, 22, 23, 24, 2, 3, 4, 1, 0, 41, 40, 39, 38, 37, 36, 35, 34, 33, 32, 31]
Aptidão   : 800.0

Cromossomo: [29, 30, 5, 6, 7, 25, 26, 27, 28, 20, 21, 22, 10, 11, 12, 13, 14, 15, 17, 18, 19, 16, 23, 24, 9, 8, 2, 3, 4, 39, 41, 1, 0, 40, 38, 37, 36, 35, 34, 33, 32, 31]
Aptidão   : 800.0

Cromossomo: [29, 30, 5, 6, 7, 25, 26, 28, 27, 20, 21, 22, 10, 11, 12, 13, 14, 15, 17, 18, 19, 16, 23, 24, 9, 8, 2, 3, 4, 1, 0, 41, 40, 39, 38, 37, 36, 35, 34, 33, 31, 32]
Aptidão   : 800.0

Cromossomo: [29, 30, 5, 6, 7, 25, 26, 27, 28, 20, 21, 22, 10, 11, 12, 13, 14, 15, 17, 18, 19, 16, 23, 24, 9, 8, 2, 3, 4, 38, 1, 0, 41, 40, 39, 37, 36, 35, 34, 33, 32, 31]
Aptidão   : 800.0

Cromossomo: [30, 29, 5, 6, 7, 25, 26, 27, 28, 20, 21, 10, 11, 12, 13, 14, 15, 17, 18, 19, 16, 22, 23, 24, 9, 8, 2, 3, 4, 39, 40, 41, 0, 1, 38, 37, 36, 35, 34, 33, 32, 31]
Aptidão   : 800.0

Cromossomo: [29, 30, 5, 6, 7, 8, 9, 25, 26, 27, 28, 20, 21, 22, 10, 11, 12, 13, 14, 15, 17, 18, 19, 16, 23, 24, 2, 3, 4, 1, 41, 0, 40, 39, 38, 37, 36, 35, 34, 33, 32, 31]
Aptidão   : 800.0

Cromossomo: [29, 30, 5, 6, 7, 8, 9, 24, 25, 26, 27, 28, 20, 21, 22, 10, 11, 12, 13, 14, 15, 17, 18, 19, 16, 23, 2, 3, 4, 39, 1, 0, 41, 40, 38, 37, 36, 35, 34, 33, 32, 31]
Aptidão   : 800.0

Cromossomo: [29, 30, 5, 6, 7, 8, 9, 24, 25, 26, 27, 28, 20, 21, 22, 10, 11, 12, 13, 14, 15, 17, 18, 19, 16, 23, 2, 3, 4, 1, 0, 41, 40, 39, 38, 37, 36, 35, 34, 33, 31, 32]
Aptidão   : 800.0

Cromossomo: [29, 30, 5, 6, 7, 26, 25, 28, 27, 20, 21, 22, 10, 11, 12, 13, 14, 15, 17, 18, 19, 16, 23, 24, 9, 8, 2, 3, 4, 1, 0, 41, 40, 39, 38, 37, 36, 35, 34, 33, 32, 31]
Aptidão   : 800.0

Cromossomo: [29, 30, 5, 6, 7, 25, 26, 27, 28, 20, 21, 22, 10, 11, 12, 13, 14, 15, 17, 18, 19, 16, 23, 24, 9, 8, 2, 3, 4, 40, 41, 0, 1, 39, 38, 37, 36, 35, 34, 33, 32, 31]
Aptidão   : 800.0

Cromossomo: [29, 30, 5, 6, 7, 26, 25, 27, 28, 20, 21, 22, 10, 11, 12, 13, 14, 15, 17, 18, 19, 16, 23, 24, 9, 8, 2, 3, 4, 39, 40, 0, 41, 1, 38, 37, 36, 35, 34, 33, 32, 31]
Aptidão   : 800.0

Cromossomo: [29, 30, 5, 6, 7, 26, 25, 27, 28, 20, 21, 22, 10, 11, 12, 13, 14, 15, 17, 18, 19, 16, 23, 24, 9, 8, 2, 3, 4, 1, 41, 0, 40, 39, 38, 37, 36, 35, 34, 33, 32, 31]
Aptidão   : 800.0

Cromossomo: [29, 30, 5, 6, 7, 25, 26, 28, 27, 20, 21, 22, 10, 11, 12, 13, 14, 15, 17, 18, 19, 16, 23, 24, 9, 8, 2, 3, 4, 39, 40, 41, 0, 1, 38, 37, 36, 35, 34, 33, 31, 32]
Aptidão   : 800.0

Cromossomo: [30, 29, 5, 6, 7, 25, 26, 27, 28, 20, 21, 10, 11, 12, 13, 14, 15, 17, 18, 19, 16, 22, 23, 24, 9, 8, 2, 3, 4, 1, 0, 41, 40, 39, 38, 37, 36, 35, 34, 33, 32, 31]
Aptidão   : 800.0

Cromossomo: [29, 30, 5, 6, 7, 25, 26, 27, 28, 20, 21, 10, 11, 12, 13, 14, 15, 17, 18, 19, 16, 22, 23, 24, 9, 8, 2, 3, 4, 39, 40, 0, 1, 41, 38, 37, 36, 35, 34, 33, 32, 31]
Aptidão   : 800.0

Cromossomo: [29, 30, 5, 6, 7, 25, 26, 28, 27, 20, 21, 22, 10, 11, 12, 13, 14, 15, 17, 18, 19, 16, 23, 24, 9, 8, 2, 3, 4, 39, 1, 0, 41, 40, 38, 37, 36, 35, 34, 33, 32, 31]
Aptidão   : 800.0

Cromossomo: [29, 30, 5, 6, 7, 25, 26, 27, 28, 20, 21, 22, 10, 11, 12, 13, 14, 15, 17, 18, 19, 16, 23, 24, 9, 8, 2, 3, 4, 39, 40, 1, 0, 41, 38, 37, 36, 35, 34, 33, 32, 31]
Aptidão   : 800.0

Cromossomo: [29, 30, 5, 6, 7, 25, 26, 27, 28, 20, 21, 22, 10, 11, 12, 13, 14, 15, 17, 18, 19, 16, 23, 24, 9, 8, 2, 3, 4, 38, 39, 40, 41, 0, 1, 37, 36, 35, 34, 33, 32, 31]
Aptidão   : 800.0

Cromossomo: [29, 30, 5, 6, 7, 25, 26, 27, 28, 20, 21, 22, 10, 11, 12, 13, 14, 15, 17, 18, 19, 16, 23, 24, 9, 8, 2, 3, 4, 1, 41, 40, 0, 39, 38, 37, 36, 35, 34, 33, 32, 31]
Aptidão   : 800.0

Cromossomo: [29, 30, 5, 6, 7, 25, 26, 27, 28, 20, 21, 10, 11, 12, 13, 14, 15, 17, 18, 19, 16, 22, 23, 24, 9, 8, 2, 3, 4, 1, 0, 40, 41, 39, 38, 37, 36, 35, 34, 33, 32, 31]
Aptidão   : 800.0

Cromossomo: [29, 30, 5, 6, 8, 9, 24, 25, 26, 27, 28, 20, 21, 10, 11, 12, 13, 14, 15, 17, 18, 19, 16, 22, 23, 7, 2, 3, 4, 1, 0, 41, 40, 39, 38, 37, 36, 35, 34, 33, 31, 32]
Aptidão   : 800.0

Cromossomo: [29, 30, 5, 6, 8, 9, 24, 25, 26, 27, 28, 20, 21, 10, 11, 12, 13, 14, 15, 17, 18, 19, 16, 22, 23, 7, 2, 3, 4, 39, 1, 0, 41, 40, 38, 37, 36, 35, 34, 33, 32, 31]
Aptidão   : 800.0

Cromossomo: [29, 30, 5, 6, 8, 9, 24, 25, 26, 27, 28, 20, 21, 10, 11, 12, 13, 14, 15, 17, 18, 19, 16, 22, 23, 7, 2, 3, 4, 39, 40, 41, 0, 1, 38, 37, 36, 35, 34, 33, 31, 32]
Aptidão   : 800.0

Cromossomo: [29, 30, 5, 6, 8, 9, 24, 25, 26, 27, 28, 20, 21, 22, 10, 11, 12, 13, 14, 15, 17, 18, 19, 16, 23, 7, 2, 3, 4, 39, 40, 0, 41, 1, 38, 37, 36, 35, 34, 33, 31, 32]
Aptidão   : 800.0

Cromossomo: [29, 30, 5, 6, 8, 9, 24, 25, 26, 27, 28, 20, 21, 22, 10, 11, 12, 13, 14, 15, 17, 18, 19, 16, 23, 7, 2, 3, 4, 1, 41, 0, 40, 39, 38, 37, 36, 35, 34, 33, 31, 32]
Aptidão   : 800.0

Cromossomo: [29, 30, 5, 6, 8, 9, 24, 25, 26, 27, 28, 20, 21, 22, 10, 11, 12, 13, 14, 15, 17, 18, 19, 16, 23, 7, 2, 3, 4, 39, 1, 41, 0, 40, 38, 37, 36, 35, 34, 33, 32, 31]
Aptidão   : 800.0

Cromossomo: [29, 30, 5, 6, 8, 9, 24, 25, 26, 28, 27, 20, 21, 10, 11, 12, 13, 14, 15, 17, 18, 19, 16, 22, 23, 7, 2, 3, 4, 39, 40, 41, 0, 1, 38, 37, 36, 35, 34, 33, 32, 31]
Aptidão   : 800.0

Cromossomo: [29, 30, 5, 6, 8, 9, 24, 25, 26, 28, 27, 20, 21, 10, 11, 12, 13, 14, 15, 17, 18, 19, 16, 22, 23, 7, 2, 3, 4, 1, 0, 41, 40, 39, 38, 37, 36, 35, 34, 33, 32, 31]
Aptidão   : 800.0

Cromossomo: [29, 30, 5, 6, 8, 9, 25, 26, 27, 28, 20, 21, 22, 10, 11, 12, 13, 14, 15, 17, 18, 19, 16, 23, 24, 7, 2, 3, 4, 39, 40, 41, 0, 1, 38, 37, 36, 35, 34, 33, 31, 32]
Aptidão   : 800.0

Cromossomo: [29, 30, 5, 6, 8, 9, 25, 26, 27, 28, 20, 21, 22, 10, 11, 12, 13, 14, 15, 17, 18, 19, 16, 23, 24, 7, 2, 3, 4, 1, 0, 41, 40, 39, 38, 37, 36, 35, 34, 33, 31, 32]
Aptidão   : 800.0

Cromossomo: [29, 30, 5, 6, 8, 9, 25, 26, 27, 28, 20, 21, 22, 10, 11, 12, 13, 14, 15, 17, 18, 19, 16, 23, 24, 7, 2, 3, 4, 39, 1, 0, 41, 40, 38, 37, 36, 35, 34, 33, 32, 31]
Aptidão   : 800.0

Cromossomo: [29, 30, 5, 6, 8, 9, 24, 25, 26, 28, 27, 20, 21, 22, 10, 11, 12, 13, 14, 15, 17, 18, 19, 16, 23, 7, 2, 3, 4, 39, 40, 0, 41, 1, 38, 37, 36, 35, 34, 33, 32, 31]
Aptidão   : 800.0

Cromossomo: [29, 30, 5, 6, 8, 9, 24, 25, 26, 28, 27, 20, 21, 22, 10, 11, 12, 13, 14, 15, 17, 18, 19, 16, 23, 7, 2, 3, 4, 1, 41, 0, 40, 39, 38, 37, 36, 35, 34, 33, 32, 31]
Aptidão   : 800.0

Cromossomo: [29, 30, 5, 6, 8, 9, 25, 26, 28, 27, 20, 21, 22, 10, 11, 12, 13, 14, 15, 17, 18, 19, 16, 23, 24, 7, 2, 3, 4, 1, 0, 41, 40, 39, 38, 37, 36, 35, 34, 33, 32, 31]
Aptidão   : 800.0

Cromossomo: [29, 30, 5, 6, 8, 9, 25, 26, 28, 27, 20, 21, 22, 10, 11, 12, 13, 14, 15, 17, 18, 19, 16, 23, 24, 7, 2, 3, 4, 39, 40, 41, 0, 1, 38, 37, 36, 35, 34, 33, 32, 31]
Aptidão   : 800.0

Cromossomo: [29, 30, 5, 6, 7, 24, 25, 26, 27, 28, 20, 21, 22, 10, 11, 12, 13, 14, 15, 17, 18, 19, 16, 23, 9, 8, 2, 3, 4, 1, 0, 40, 41, 39, 38, 37, 36, 35, 34, 33, 32, 31]
Aptidão   : 800.0

Cromossomo: [29, 30, 5, 6, 7, 24, 25, 26, 27, 28, 20, 21, 22, 10, 11, 12, 13, 14, 15, 17, 18, 19, 16, 23, 9, 8, 2, 3, 4, 39, 41, 40, 0, 1, 38, 37, 36, 35, 34, 33, 32, 31]
Aptidão   : 800.0

Cromossomo: [29, 30, 5, 6, 7, 24, 25, 26, 27, 28, 20, 21, 10, 11, 12, 13, 14, 15, 17, 18, 19, 16, 22, 23, 9, 8, 2, 3, 4, 39, 40, 0, 41, 1, 38, 37, 36, 35, 34, 33, 31, 32]
Aptidão   : 800.0

Cromossomo: [29, 30, 5, 6, 7, 24, 25, 26, 27, 28, 20, 21, 10, 11, 12, 13, 14, 15, 17, 18, 19, 16, 22, 23, 9, 8, 2, 3, 4, 39, 1, 41, 0, 40, 38, 37, 36, 35, 34, 33, 32, 31]
Aptidão   : 800.0

Cromossomo: [29, 30, 5, 6, 7, 24, 25, 26, 27, 28, 20, 21, 22, 10, 11, 12, 13, 14, 15, 17, 18, 19, 16, 23, 9, 8, 2, 3, 4, 39, 40, 0, 1, 41, 38, 37, 36, 35, 34, 33, 32, 31]
Aptidão   : 800.0

Cromossomo: [30, 29, 5, 6, 7, 24, 25, 26, 27, 28, 20, 21, 22, 10, 11, 12, 13, 14, 15, 17, 18, 19, 16, 23, 9, 8, 2, 3, 4, 39, 40, 41, 0, 1, 38, 37, 36, 35, 34, 33, 32, 31]
Aptidão   : 800.0

Cromossomo: [29, 30, 5, 6, 7, 24, 25, 26, 28, 27, 20, 21, 10, 11, 12, 13, 14, 15, 17, 18, 19, 16, 22, 23, 9, 8, 2, 3, 4, 1, 41, 0, 40, 39, 38, 37, 36, 35, 34, 33, 32, 31]
Aptidão   : 800.0

Cromossomo: [29, 30, 5, 6, 7, 24, 25, 26, 27, 28, 20, 21, 22, 10, 11, 12, 13, 14, 15, 17, 18, 19, 16, 23, 9, 8, 2, 3, 4, 39, 40, 41, 1, 0, 38, 37, 36, 35, 34, 33, 32, 31]
Aptidão   : 800.0

Cromossomo: [29, 30, 5, 6, 7, 24, 25, 26, 28, 27, 20, 21, 10, 11, 12, 13, 14, 15, 17, 18, 19, 16, 22, 23, 9, 8, 2, 3, 4, 39, 40, 0, 41, 1, 38, 37, 36, 35, 34, 33, 32, 31]
Aptidão   : 800.0

Cromossomo: [30, 29, 5, 6, 7, 24, 25, 26, 27, 28, 20, 21, 22, 10, 11, 12, 13, 14, 15, 17, 18, 19, 16, 23, 9, 8, 2, 3, 4, 1, 0, 41, 40, 39, 38, 37, 36, 35, 34, 33, 32, 31]
Aptidão   : 800.0

Cromossomo: [29, 30, 5, 6, 7, 24, 25, 26, 27, 28, 20, 21, 10, 11, 12, 13, 14, 15, 17, 18, 19, 16, 22, 23, 9, 8, 2, 3, 4, 1, 41, 0, 40, 39, 38, 37, 36, 35, 34, 33, 31, 32]
Aptidão   : 800.0

Cromossomo: [29, 30, 5, 6, 7, 24, 26, 25, 27, 28, 20, 21, 22, 10, 11, 12, 13, 14, 15, 17, 18, 19, 16, 23, 9, 8, 2, 3, 4, 39, 40, 41, 0, 1, 38, 37, 36, 35, 34, 33, 32, 31]
Aptidão   : 800.0

Cromossomo: [29, 30, 5, 6, 7, 24, 26, 25, 27, 28, 20, 21, 22, 10, 11, 12, 13, 14, 15, 17, 18, 19, 16, 23, 9, 8, 2, 3, 4, 1, 0, 41, 40, 39, 38, 37, 36, 35, 34, 33, 32, 31]
Aptidão   : 800.0

Cromossomo: [29, 30, 5, 6, 7, 25, 26, 27, 28, 20, 21, 10, 11, 12, 13, 14, 15, 17, 18, 19, 16, 22, 23, 24, 9, 8, 2, 3, 4, 39, 1, 0, 41, 40, 38, 37, 36, 35, 34, 33, 31, 32]
Aptidão   : 801.0

Cromossomo: [29, 30, 5, 6, 7, 25, 26, 27, 28, 20, 21, 10, 11, 12, 13, 14, 15, 17, 18, 19, 16, 22, 23, 24, 9, 8, 2, 3, 4, 39, 41, 1, 0, 40, 38, 37, 36, 35, 34, 33, 32, 31]
Aptidão   : 801.0

Cromossomo: [29, 30, 5, 6, 7, 25, 26, 27, 28, 20, 21, 10, 11, 12, 13, 14, 15, 17, 18, 19, 16, 22, 23, 24, 9, 8, 2, 3, 4, 38, 39, 40, 41, 0, 1, 37, 36, 35, 34, 33, 32, 31]
Aptidão   : 801.0

Cromossomo: [29, 30, 5, 6, 7, 25, 26, 28, 27, 20, 21, 10, 11, 12, 13, 14, 15, 17, 18, 19, 16, 22, 23, 24, 9, 8, 2, 3, 4, 1, 0, 41, 40, 39, 38, 37, 36, 35, 34, 33, 31, 32]
Aptidão   : 801.0

Cromossomo: [29, 30, 5, 6, 7, 25, 26, 27, 28, 20, 21, 10, 11, 12, 13, 14, 15, 17, 18, 19, 16, 22, 23, 24, 9, 8, 2, 3, 4, 39, 0, 1, 41, 40, 38, 37, 36, 35, 34, 33, 32, 31]
Aptidão   : 801.0

Cromossomo: [29, 30, 5, 6, 7, 25, 26, 27, 28, 20, 21, 22, 10, 11, 12, 13, 14, 15, 17, 18, 19, 16, 23, 24, 9, 8, 2, 3, 4, 39, 0, 41, 40, 1, 38, 37, 36, 35, 34, 33, 32, 31]
Aptidão   : 801.0

Cromossomo: [29, 30, 5, 6, 7, 8, 9, 24, 25, 26, 28, 27, 20, 21, 22, 10, 11, 12, 13, 14, 15, 17, 18, 19, 16, 23, 2, 3, 4, 1, 41, 0, 40, 39, 38, 37, 36, 35, 34, 33, 32, 31]
Aptidão   : 801.0

Cromossomo: [29, 30, 5, 6, 7, 25, 26, 28, 27, 20, 21, 10, 11, 12, 13, 14, 15, 17, 18, 19, 16, 22, 23, 24, 9, 8, 2, 3, 4, 39, 40, 41, 0, 1, 38, 37, 36, 35, 34, 33, 31, 32]
Aptidão   : 801.0

Cromossomo: [29, 30, 5, 6, 7, 8, 9, 24, 25, 26, 27, 28, 20, 21, 10, 11, 12, 13, 14, 15, 17, 18, 19, 16, 22, 23, 2, 3, 4, 39, 40, 41, 0, 1, 38, 37, 36, 35, 34, 33, 31, 32]
Aptidão   : 801.0

Cromossomo: [29, 30, 5, 6, 7, 8, 9, 24, 25, 26, 28, 27, 20, 21, 22, 10, 11, 12, 13, 14, 15, 17, 18, 19, 16, 23, 2, 3, 4, 39, 40, 0, 41, 1, 38, 37, 36, 35, 34, 33, 32, 31]
Aptidão   : 801.0

Cromossomo: [29, 30, 5, 6, 7, 25, 26, 28, 27, 20, 21, 10, 11, 12, 13, 14, 15, 17, 18, 19, 16, 22, 23, 24, 9, 8, 2, 3, 4, 39, 1, 0, 41, 40, 38, 37, 36, 35, 34, 33, 32, 31]
Aptidão   : 801.0

Cromossomo: [29, 30, 5, 6, 7, 26, 25, 28, 27, 20, 21, 10, 11, 12, 13, 14, 15, 17, 18, 19, 16, 22, 23, 24, 9, 8, 2, 3, 4, 1, 0, 41, 40, 39, 38, 37, 36, 35, 34, 33, 32, 31]
Aptidão   : 801.0

Cromossomo: [29, 30, 5, 6, 7, 26, 25, 27, 28, 20, 21, 10, 11, 12, 13, 14, 15, 17, 18, 19, 16, 22, 23, 24, 9, 8, 2, 3, 4, 1, 41, 0, 40, 39, 38, 37, 36, 35, 34, 33, 32, 31]
Aptidão   : 801.0

Cromossomo: [29, 30, 5, 6, 7, 25, 26, 27, 28, 20, 21, 22, 10, 11, 12, 13, 14, 15, 17, 18, 19, 16, 23, 24, 9, 8, 2, 3, 4, 39, 40, 1, 41, 0, 38, 37, 36, 35, 34, 33, 32, 31]
Aptidão   : 801.0

Cromossomo: [29, 30, 5, 6, 7, 25, 26, 27, 28, 20, 22, 10, 11, 12, 13, 14, 15, 17, 18, 19, 16, 21, 23, 24, 9, 8, 2, 3, 4, 1, 0, 41, 40, 39, 38, 37, 36, 35, 34, 33, 32, 31]
Aptidão   : 801.0

Cromossomo: [29, 30, 5, 6, 7, 8, 9, 24, 25, 26, 27, 28, 20, 21, 10, 11, 12, 13, 14, 15, 17, 18, 19, 16, 22, 23, 2, 3, 4, 39, 1, 0, 41, 40, 38, 37, 36, 35, 34, 33, 32, 31]
Aptidão   : 801.0

Cromossomo: [29, 30, 5, 6, 7, 26, 25, 27, 28, 20, 21, 10, 11, 12, 13, 14, 15, 17, 18, 19, 16, 22, 23, 24, 9, 8, 2, 3, 4, 39, 40, 0, 41, 1, 38, 37, 36, 35, 34, 33, 32, 31]
Aptidão   : 801.0

Cromossomo: [29, 30, 5, 6, 7, 25, 26, 28, 27, 20, 21, 22, 10, 11, 12, 13, 14, 15, 17, 18, 19, 16, 23, 24, 9, 8, 2, 3, 4, 39, 40, 0, 41, 1, 38, 37, 36, 35, 34, 33, 31, 32]
Aptidão   : 801.0

Cromossomo: [29, 30, 5, 6, 7, 8, 9, 24, 25, 26, 28, 27, 20, 21, 10, 11, 12, 13, 14, 15, 17, 18, 19, 16, 22, 23, 2, 3, 4, 39, 40, 41, 0, 1, 38, 37, 36, 35, 34, 33, 32, 31]
Aptidão   : 801.0

Cromossomo: [29, 30, 5, 6, 7, 25, 26, 27, 28, 20, 21, 22, 10, 11, 12, 13, 14, 15, 17, 18, 19, 16, 23, 24, 9, 8, 2, 3, 4, 39, 41, 0, 40, 1, 38, 37, 36, 35, 34, 33, 32, 31]
Aptidão   : 801.0

Cromossomo: [29, 30, 5, 6, 7, 8, 9, 25, 26, 27, 28, 20, 21, 10, 11, 12, 13, 14, 15, 17, 18, 19, 16, 22, 23, 24, 2, 3, 4, 39, 40, 0, 41, 1, 38, 37, 36, 35, 34, 33, 32, 31]
Aptidão   : 801.0

Cromossomo: [29, 30, 5, 6, 7, 25, 26, 27, 28, 20, 22, 10, 11, 12, 13, 14, 15, 17, 18, 19, 16, 21, 23, 24, 9, 8, 2, 3, 4, 39, 40, 41, 0, 1, 38, 37, 36, 35, 34, 33, 32, 31]
Aptidão   : 801.0

Cromossomo: [30, 29, 5, 6, 7, 25, 26, 27, 28, 20, 21, 10, 11, 12, 13, 14, 15, 17, 18, 19, 16, 22, 23, 24, 9, 8, 2, 3, 4, 1, 41, 0, 40, 39, 38, 37, 36, 35, 34, 33, 32, 31]
Aptidão   : 801.0

Cromossomo: [29, 30, 5, 6, 7, 25, 26, 27, 28, 20, 21, 10, 11, 12, 13, 14, 15, 17, 18, 19, 16, 22, 23, 24, 9, 8, 2, 3, 4, 39, 40, 1, 0, 41, 38, 37, 36, 35, 34, 33, 32, 31]
Aptidão   : 801.0

Cromossomo: [29, 30, 5, 6, 7, 25, 26, 27, 28, 20, 21, 10, 11, 12, 13, 14, 15, 17, 18, 19, 16, 22, 23, 24, 9, 8, 2, 3, 4, 38, 1, 0, 41, 40, 39, 37, 36, 35, 34, 33, 32, 31]
Aptidão   : 801.0

Cromossomo: [29, 30, 5, 6, 7, 8, 9, 24, 25, 26, 27, 28, 20, 21, 10, 11, 12, 13, 14, 15, 17, 18, 19, 16, 22, 23, 2, 3, 4, 1, 0, 41, 40, 39, 38, 37, 36, 35, 34, 33, 31, 32]
Aptidão   : 801.0

Cromossomo: [29, 30, 5, 6, 7, 8, 9, 24, 25, 26, 28, 27, 20, 21, 10, 11, 12, 13, 14, 15, 17, 18, 19, 16, 22, 23, 2, 3, 4, 1, 0, 41, 40, 39, 38, 37, 36, 35, 34, 33, 32, 31]
Aptidão   : 801.0

Cromossomo: [29, 30, 5, 6, 7, 25, 26, 27, 28, 20, 21, 22, 10, 11, 12, 13, 14, 15, 17, 18, 19, 16, 23, 24, 9, 8, 2, 3, 4, 38, 1, 41, 0, 40, 39, 37, 36, 35, 34, 33, 32, 31]
Aptidão   : 801.0

Cromossomo: [29, 30, 5, 6, 7, 8, 9, 25, 26, 27, 28, 20, 21, 10, 11, 12, 13, 14, 15, 17, 18, 19, 16, 22, 23, 24, 2, 3, 4, 1, 41, 0, 40, 39, 38, 37, 36, 35, 34, 33, 32, 31]
Aptidão   : 801.0

Cromossomo: [29, 30, 5, 6, 7, 8, 9, 24, 25, 26, 27, 28, 20, 21, 22, 10, 11, 12, 13, 14, 15, 17, 18, 19, 16, 23, 2, 3, 4, 1, 41, 0, 40, 39, 38, 37, 36, 35, 34, 33, 31, 32]
Aptidão   : 801.0

Cromossomo: [29, 30, 5, 6, 7, 8, 9, 24, 25, 26, 27, 28, 20, 21, 22, 10, 11, 12, 13, 14, 15, 17, 18, 19, 16, 23, 2, 3, 4, 39, 40, 0, 41, 1, 38, 37, 36, 35, 34, 33, 31, 32]
Aptidão   : 801.0

Cromossomo: [29, 30, 5, 6, 7, 8, 9, 24, 25, 26, 27, 28, 20, 21, 22, 10, 11, 12, 13, 14, 15, 17, 18, 19, 16, 23, 2, 3, 4, 39, 1, 41, 0, 40, 38, 37, 36, 35, 34, 33, 32, 31]
Aptidão   : 801.0

Cromossomo: [29, 30, 5, 6, 7, 26, 25, 28, 27, 20, 21, 22, 10, 11, 12, 13, 14, 15, 17, 18, 19, 16, 23, 24, 9, 8, 2, 3, 4, 1, 41, 0, 40, 39, 38, 37, 36, 35, 34, 33, 32, 31]
Aptidão   : 801.0

Cromossomo: [29, 30, 5, 6, 7, 25, 26, 27, 28, 20, 21, 22, 10, 11, 12, 13, 14, 15, 17, 18, 19, 16, 23, 24, 9, 8, 2, 3, 4, 39, 1, 0, 40, 41, 38, 37, 36, 35, 34, 33, 32, 31]
Aptidão   : 801.0

Cromossomo: [29, 30, 5, 6, 7, 25, 26, 27, 28, 20, 21, 10, 11, 12, 13, 14, 15, 17, 18, 19, 16, 22, 23, 24, 9, 8, 2, 3, 4, 40, 41, 0, 1, 39, 38, 37, 36, 35, 34, 33, 32, 31]
Aptidão   : 801.0

Cromossomo: [29, 30, 5, 6, 7, 26, 25, 28, 27, 20, 21, 22, 10, 11, 12, 13, 14, 15, 17, 18, 19, 16, 23, 24, 9, 8, 2, 3, 4, 39, 40, 0, 41, 1, 38, 37, 36, 35, 34, 33, 32, 31]
Aptidão   : 801.0

Cromossomo: [29, 30, 5, 6, 7, 25, 26, 28, 27, 20, 21, 22, 10, 11, 12, 13, 14, 15, 17, 18, 19, 16, 23, 24, 9, 8, 2, 3, 4, 1, 41, 0, 40, 39, 38, 37, 36, 35, 34, 33, 31, 32]
Aptidão   : 801.0

Cromossomo: [30, 29, 5, 6, 7, 25, 26, 27, 28, 20, 21, 10, 11, 12, 13, 14, 15, 17, 18, 19, 16, 22, 23, 24, 9, 8, 2, 3, 4, 39, 40, 0, 41, 1, 38, 37, 36, 35, 34, 33, 32, 31]
Aptidão   : 801.0

Cromossomo: [29, 30, 5, 6, 7, 25, 26, 27, 28, 20, 21, 22, 10, 11, 12, 13, 14, 15, 17, 18, 19, 16, 23, 24, 9, 8, 2, 3, 4, 40, 0, 41, 1, 39, 38, 37, 36, 35, 34, 33, 32, 31]
Aptidão   : 801.0

Cromossomo: [29, 30, 5, 6, 7, 25, 26, 27, 28, 20, 21, 22, 10, 11, 12, 13, 14, 15, 17, 18, 19, 16, 23, 24, 9, 8, 2, 3, 4, 1, 40, 41, 0, 39, 38, 37, 36, 35, 34, 33, 32, 31]
Aptidão   : 801.0

Cromossomo: [29, 30, 5, 6, 7, 25, 26, 28, 27, 20, 21, 22, 10, 11, 12, 13, 14, 15, 17, 18, 19, 16, 23, 24, 9, 8, 2, 3, 4, 39, 1, 41, 0, 40, 38, 37, 36, 35, 34, 33, 32, 31]
Aptidão   : 801.0

Cromossomo: [29, 30, 5, 6, 7, 26, 25, 28, 27, 20, 21, 10, 11, 12, 13, 14, 15, 17, 18, 19, 16, 22, 23, 24, 9, 8, 2, 3, 4, 39, 40, 41, 0, 1, 38, 37, 36, 35, 34, 33, 32, 31]
Aptidão   : 801.0

Cromossomo: [29, 30, 5, 6, 7, 25, 26, 27, 28, 20, 21, 22, 10, 11, 12, 13, 14, 15, 17, 18, 19, 16, 23, 24, 9, 8, 2, 3, 4, 39, 1, 41, 0, 40, 38, 37, 36, 35, 34, 33, 31, 32]
Aptidão   : 801.0

Cromossomo: [29, 30, 5, 6, 7, 25, 26, 27, 28, 20, 21, 10, 11, 12, 13, 14, 15, 17, 18, 19, 16, 22, 23, 24, 9, 8, 2, 3, 4, 1, 41, 40, 0, 39, 38, 37, 36, 35, 34, 33, 32, 31]
Aptidão   : 801.0

Cromossomo: [29, 30, 5, 6, 8, 25, 26, 27, 28, 20, 21, 22, 10, 11, 12, 13, 14, 15, 17, 18, 19, 16, 23, 24, 9, 7, 2, 3, 4, 1, 0, 41, 40, 39, 38, 37, 36, 35, 34, 33, 32, 31]
Aptidão   : 801.0

Cromossomo: [29, 30, 5, 6, 7, 25, 26, 27, 28, 20, 21, 22, 10, 11, 12, 13, 14, 15, 17, 18, 19, 16, 23, 24, 9, 8, 2, 3, 4, 38, 39, 40, 0, 41, 1, 37, 36, 35, 34, 33, 32, 31]
Aptidão   : 801.0

Cromossomo: [29, 30, 5, 6, 7, 25, 26, 27, 28, 20, 21, 22, 10, 11, 12, 13, 14, 15, 17, 18, 19, 16, 23, 24, 9, 8, 2, 3, 4, 1, 40, 0, 41, 39, 38, 37, 36, 35, 34, 33, 32, 31]
Aptidão   : 801.0

Cromossomo: [29, 30, 5, 6, 7, 25, 26, 27, 28, 20, 21, 22, 10, 11, 12, 13, 14, 15, 17, 18, 19, 16, 23, 24, 9, 8, 2, 3, 4, 39, 41, 0, 1, 40, 38, 37, 36, 35, 34, 33, 32, 31]
Aptidão   : 801.0

Cromossomo: [29, 30, 5, 6, 7, 25, 26, 27, 28, 20, 21, 10, 11, 12, 13, 14, 15, 17, 18, 19, 16, 22, 23, 24, 9, 8, 2, 3, 4, 39, 0, 40, 41, 1, 38, 37, 36, 35, 34, 33, 32, 31]
Aptidão   : 801.0

Cromossomo: [29, 30, 5, 6, 8, 25, 26, 27, 28, 20, 21, 22, 10, 11, 12, 13, 14, 15, 17, 18, 19, 16, 23, 24, 9, 7, 2, 3, 4, 39, 40, 41, 0, 1, 38, 37, 36, 35, 34, 33, 32, 31]
Aptidão   : 801.0

Cromossomo: [29, 30, 5, 6, 7, 25, 26, 27, 28, 20, 21, 22, 10, 11, 12, 13, 14, 15, 17, 18, 19, 16, 23, 24, 9, 8, 4, 3, 2, 1, 0, 41, 40, 39, 38, 37, 36, 35, 34, 33, 32, 31]
Aptidão   : 801.0

Cromossomo: [29, 30, 5, 6, 7, 9, 24, 25, 26, 27, 28, 20, 21, 22, 10, 11, 12, 13, 14, 15, 17, 18, 19, 16, 23, 8, 2, 3, 4, 1, 0, 41, 40, 39, 38, 37, 36, 35, 34, 33, 32, 31]
Aptidão   : 801.0

Cromossomo: [29, 30, 5, 6, 7, 25, 26, 27, 28, 20, 21, 22, 10, 11, 12, 13, 14, 15, 17, 18, 19, 16, 23, 24, 9, 8, 2, 4, 3, 0, 1, 41, 40, 39, 38, 37, 36, 35, 34, 33, 32, 31]
Aptidão   : 801.0

Cromossomo: [29, 30, 5, 6, 7, 9, 24, 25, 26, 27, 28, 20, 21, 22, 10, 11, 12, 13, 14, 15, 17, 18, 19, 16, 23, 8, 2, 3, 4, 39, 40, 41, 0, 1, 38, 37, 36, 35, 34, 33, 32, 31]
Aptidão   : 801.0

Cromossomo: [29, 30, 5, 6, 8, 9, 24, 25, 26, 27, 28, 20, 21, 10, 11, 12, 13, 14, 15, 17, 18, 19, 16, 22, 23, 7, 2, 3, 4, 1, 41, 0, 40, 39, 38, 37, 36, 35, 34, 33, 31, 32]
Aptidão   : 801.0

Cromossomo: [29, 30, 5, 6, 8, 9, 24, 25, 26, 27, 28, 20, 21, 10, 11, 12, 13, 14, 15, 17, 18, 19, 16, 22, 23, 7, 2, 3, 4, 39, 40, 0, 41, 1, 38, 37, 36, 35, 34, 33, 31, 32]
Aptidão   : 801.0

Cromossomo: [29, 30, 5, 6, 8, 9, 24, 25, 26, 28, 27, 20, 21, 10, 11, 12, 13, 14, 15, 17, 18, 19, 16, 22, 23, 7, 2, 3, 4, 39, 40, 0, 41, 1, 38, 37, 36, 35, 34, 33, 32, 31]
Aptidão   : 801.0

Cromossomo: [29, 30, 5, 6, 8, 9, 24, 25, 26, 27, 28, 20, 21, 10, 11, 12, 13, 14, 15, 17, 18, 19, 16, 22, 23, 7, 2, 3, 4, 39, 1, 41, 0, 40, 38, 37, 36, 35, 34, 33, 32, 31]
Aptidão   : 801.0

Cromossomo: [29, 30, 5, 6, 8, 9, 24, 25, 26, 27, 28, 20, 21, 22, 10, 11, 12, 13, 14, 15, 17, 18, 19, 16, 23, 7, 2, 3, 4, 39, 40, 41, 1, 0, 38, 37, 36, 35, 34, 33, 32, 31]
Aptidão   : 801.0

Cromossomo: [29, 30, 5, 6, 8, 9, 24, 25, 26, 27, 28, 20, 21, 22, 10, 11, 12, 13, 14, 15, 17, 18, 19, 16, 23, 7, 2, 3, 4, 1, 0, 40, 41, 39, 38, 37, 36, 35, 34, 33, 32, 31]
Aptidão   : 801.0

Cromossomo: [29, 30, 5, 6, 8, 9, 24, 26, 25, 27, 28, 20, 21, 22, 10, 11, 12, 13, 14, 15, 17, 18, 19, 16, 23, 7, 2, 3, 4, 1, 0, 41, 40, 39, 38, 37, 36, 35, 34, 33, 32, 31]
Aptidão   : 801.0

Cromossomo: [29, 30, 5, 6, 8, 9, 25, 26, 27, 28, 20, 21, 22, 10, 11, 12, 13, 14, 15, 17, 18, 19, 16, 23, 24, 7, 2, 3, 4, 39, 40, 0, 41, 1, 38, 37, 36, 35, 34, 33, 31, 32]
Aptidão   : 801.0

Cromossomo: [29, 30, 5, 6, 8, 9, 24, 25, 26, 27, 28, 20, 21, 22, 10, 11, 12, 13, 14, 15, 17, 18, 19, 16, 23, 7, 2, 3, 4, 39, 40, 0, 1, 41, 38, 37, 36, 35, 34, 33, 32, 31]
Aptidão   : 801.0

Cromossomo: [29, 30, 5, 6, 8, 9, 25, 26, 27, 28, 20, 21, 22, 10, 11, 12, 13, 14, 15, 17, 18, 19, 16, 23, 24, 7, 2, 3, 4, 39, 1, 41, 0, 40, 38, 37, 36, 35, 34, 33, 32, 31]
Aptidão   : 801.0

Cromossomo: [29, 30, 5, 6, 8, 9, 25, 26, 27, 28, 20, 21, 22, 10, 11, 12, 13, 14, 15, 17, 18, 19, 16, 23, 24, 7, 2, 3, 4, 1, 41, 0, 40, 39, 38, 37, 36, 35, 34, 33, 31, 32]
Aptidão   : 801.0

Cromossomo: [30, 29, 5, 6, 8, 9, 24, 25, 26, 27, 28, 20, 21, 22, 10, 11, 12, 13, 14, 15, 17, 18, 19, 16, 23, 7, 2, 3, 4, 1, 0, 41, 40, 39, 38, 37, 36, 35, 34, 33, 32, 31]
Aptidão   : 801.0

Cromossomo: [29, 30, 5, 6, 8, 9, 24, 26, 25, 27, 28, 20, 21, 22, 10, 11, 12, 13, 14, 15, 17, 18, 19, 16, 23, 7, 2, 3, 4, 39, 40, 41, 0, 1, 38, 37, 36, 35, 34, 33, 32, 31]
Aptidão   : 801.0

Cromossomo: [29, 30, 5, 6, 8, 9, 24, 25, 26, 28, 27, 20, 21, 10, 11, 12, 13, 14, 15, 17, 18, 19, 16, 22, 23, 7, 2, 3, 4, 1, 41, 0, 40, 39, 38, 37, 36, 35, 34, 33, 32, 31]
Aptidão   : 801.0

Cromossomo: [29, 30, 5, 6, 8, 9, 24, 25, 26, 27, 28, 20, 21, 22, 10, 11, 12, 13, 14, 15, 17, 18, 19, 16, 23, 7, 2, 3, 4, 39, 41, 40, 0, 1, 38, 37, 36, 35, 34, 33, 32, 31]
Aptidão   : 801.0

Cromossomo: [30, 29, 5, 6, 8, 9, 24, 25, 26, 27, 28, 20, 21, 22, 10, 11, 12, 13, 14, 15, 17, 18, 19, 16, 23, 7, 2, 3, 4, 39, 40, 41, 0, 1, 38, 37, 36, 35, 34, 33, 32, 31]
Aptidão   : 801.0

Cromossomo: [29, 30, 5, 6, 8, 9, 26, 25, 27, 28, 20, 21, 22, 10, 11, 12, 13, 14, 15, 17, 18, 19, 16, 23, 24, 7, 2, 3, 4, 39, 40, 41, 0, 1, 38, 37, 36, 35, 34, 33, 32, 31]
Aptidão   : 801.0

Cromossomo: [29, 30, 5, 6, 8, 24, 25, 26, 27, 28, 20, 21, 22, 10, 11, 12, 13, 14, 15, 17, 18, 19, 16, 23, 9, 7, 2, 3, 4, 39, 40, 41, 0, 1, 38, 37, 36, 35, 34, 33, 32, 31]
Aptidão   : 801.0

Cromossomo: [29, 30, 5, 6, 8, 9, 26, 25, 27, 28, 20, 21, 22, 10, 11, 12, 13, 14, 15, 17, 18, 19, 16, 23, 24, 7, 2, 3, 4, 1, 0, 41, 40, 39, 38, 37, 36, 35, 34, 33, 32, 31]
Aptidão   : 801.0

Cromossomo: [29, 30, 5, 6, 8, 24, 25, 26, 27, 28, 20, 21, 22, 10, 11, 12, 13, 14, 15, 17, 18, 19, 16, 23, 9, 7, 2, 3, 4, 1, 0, 41, 40, 39, 38, 37, 36, 35, 34, 33, 32, 31]
Aptidão   : 801.0

Cromossomo: [29, 30, 5, 6, 8, 9, 25, 26, 28, 27, 20, 21, 22, 10, 11, 12, 13, 14, 15, 17, 18, 19, 16, 23, 24, 7, 2, 3, 4, 39, 40, 0, 41, 1, 38, 37, 36, 35, 34, 33, 32, 31]
Aptidão   : 801.0

Cromossomo: [29, 30, 5, 6, 8, 9, 25, 26, 28, 27, 20, 21, 22, 10, 11, 12, 13, 14, 15, 17, 18, 19, 16, 23, 24, 7, 2, 3, 4, 1, 41, 0, 40, 39, 38, 37, 36, 35, 34, 33, 32, 31]
Aptidão   : 801.0

Cromossomo: [29, 30, 5, 6, 8, 9, 25, 26, 27, 28, 20, 21, 10, 11, 12, 13, 14, 15, 17, 18, 19, 16, 22, 23, 24, 7, 2, 3, 4, 39, 40, 41, 0, 1, 38, 37, 36, 35, 34, 33, 31, 32]
Aptidão   : 801.0

Cromossomo: [29, 30, 5, 6, 8, 9, 25, 26, 27, 28, 20, 21, 10, 11, 12, 13, 14, 15, 17, 18, 19, 16, 22, 23, 24, 7, 2, 3, 4, 39, 1, 0, 41, 40, 38, 37, 36, 35, 34, 33, 32, 31]
Aptidão   : 801.0

Cromossomo: [29, 30, 5, 6, 8, 9, 25, 26, 27, 28, 20, 21, 10, 11, 12, 13, 14, 15, 17, 18, 19, 16, 22, 23, 24, 7, 2, 3, 4, 1, 0, 41, 40, 39, 38, 37, 36, 35, 34, 33, 31, 32]
Aptidão   : 801.0

Cromossomo: [29, 30, 5, 6, 8, 9, 25, 26, 28, 27, 20, 21, 10, 11, 12, 13, 14, 15, 17, 18, 19, 16, 22, 23, 24, 7, 2, 3, 4, 39, 40, 41, 0, 1, 38, 37, 36, 35, 34, 33, 32, 31]
Aptidão   : 801.0

Cromossomo: [29, 30, 5, 6, 8, 9, 25, 26, 28, 27, 20, 21, 10, 11, 12, 13, 14, 15, 17, 18, 19, 16, 22, 23, 24, 7, 2, 3, 4, 1, 0, 41, 40, 39, 38, 37, 36, 35, 34, 33, 32, 31]
Aptidão   : 801.0

Cromossomo: [29, 30, 5, 6, 7, 24, 25, 26, 27, 28, 20, 21, 10, 11, 12, 13, 14, 15, 17, 18, 19, 16, 22, 23, 9, 8, 2, 3, 4, 39, 41, 40, 0, 1, 38, 37, 36, 35, 34, 33, 32, 31]
Aptidão   : 801.0

Cromossomo: [29, 30, 5, 6, 7, 24, 25, 26, 27, 28, 20, 21, 22, 10, 11, 12, 13, 14, 15, 17, 18, 19, 16, 23, 9, 8, 2, 3, 4, 39, 0, 40, 41, 1, 38, 37, 36, 35, 34, 33, 32, 31]
Aptidão   : 801.0

Cromossomo: [29, 30, 5, 6, 7, 24, 25, 26, 27, 28, 20, 21, 22, 10, 11, 12, 13, 14, 15, 17, 18, 19, 16, 23, 9, 8, 2, 3, 4, 39, 0, 1, 41, 40, 38, 37, 36, 35, 34, 33, 32, 31]
Aptidão   : 801.0

Cromossomo: [29, 30, 5, 6, 7, 24, 25, 26, 27, 28, 20, 21, 22, 10, 11, 12, 13, 14, 15, 17, 18, 19, 16, 23, 9, 8, 2, 3, 4, 40, 41, 0, 1, 39, 38, 37, 36, 35, 34, 33, 32, 31]
Aptidão   : 801.0

Cromossomo: [29, 30, 5, 6, 7, 24, 25, 26, 27, 28, 20, 21, 22, 10, 11, 12, 13, 14, 15, 17, 18, 19, 16, 23, 9, 8, 2, 3, 4, 1, 41, 40, 0, 39, 38, 37, 36, 35, 34, 33, 32, 31]
Aptidão   : 801.0

Cromossomo: [30, 29, 5, 6, 7, 24, 25, 26, 27, 28, 20, 21, 22, 10, 11, 12, 13, 14, 15, 17, 18, 19, 16, 23, 9, 8, 2, 3, 4, 39, 40, 0, 41, 1, 38, 37, 36, 35, 34, 33, 32, 31]
Aptidão   : 801.0

Cromossomo: [29, 30, 5, 6, 7, 24, 25, 26, 27, 28, 20, 21, 22, 10, 11, 12, 13, 14, 15, 17, 18, 19, 16, 23, 9, 8, 2, 3, 4, 39, 40, 1, 0, 41, 38, 37, 36, 35, 34, 33, 32, 31]
Aptidão   : 801.0

Cromossomo: [29, 30, 5, 6, 7, 24, 25, 26, 27, 28, 20, 21, 10, 11, 12, 13, 14, 15, 17, 18, 19, 16, 22, 23, 9, 8, 2, 3, 4, 1, 0, 40, 41, 39, 38, 37, 36, 35, 34, 33, 32, 31]
Aptidão   : 801.0

Cromossomo: [29, 30, 5, 6, 7, 24, 25, 26, 27, 28, 20, 21, 22, 10, 11, 12, 13, 14, 15, 17, 18, 19, 16, 23, 9, 8, 2, 3, 4, 38, 39, 40, 41, 0, 1, 37, 36, 35, 34, 33, 32, 31]
Aptidão   : 801.0

Cromossomo: [29, 30, 5, 6, 7, 24, 25, 26, 27, 28, 20, 21, 22, 10, 11, 12, 13, 14, 15, 17, 18, 19, 16, 23, 9, 8, 2, 3, 4, 38, 1, 0, 41, 40, 39, 37, 36, 35, 34, 33, 32, 31]
Aptidão   : 801.0

Cromossomo: [29, 30, 5, 6, 7, 24, 25, 26, 27, 28, 20, 21, 22, 10, 11, 12, 13, 14, 15, 17, 18, 19, 16, 23, 9, 8, 2, 3, 4, 39, 41, 1, 0, 40, 38, 37, 36, 35, 34, 33, 32, 31]
Aptidão   : 801.0

Cromossomo: [30, 29, 5, 6, 7, 24, 25, 26, 27, 28, 20, 21, 22, 10, 11, 12, 13, 14, 15, 17, 18, 19, 16, 23, 9, 8, 2, 3, 4, 1, 41, 0, 40, 39, 38, 37, 36, 35, 34, 33, 32, 31]
Aptidão   : 801.0

Cromossomo: [29, 30, 5, 6, 7, 24, 25, 26, 27, 28, 20, 21, 22, 10, 11, 12, 13, 14, 15, 17, 18, 19, 16, 23, 9, 8, 2, 3, 4, 39, 1, 0, 41, 40, 38, 37, 36, 35, 34, 33, 31, 32]
Aptidão   : 801.0

Cromossomo: [30, 29, 5, 6, 7, 24, 25, 26, 27, 28, 20, 21, 10, 11, 12, 13, 14, 15, 17, 18, 19, 16, 22, 23, 9, 8, 2, 3, 4, 1, 0, 41, 40, 39, 38, 37, 36, 35, 34, 33, 32, 31]
Aptidão   : 801.0

Cromossomo: [29, 30, 5, 6, 7, 24, 25, 26, 27, 28, 20, 21, 10, 11, 12, 13, 14, 15, 17, 18, 19, 16, 22, 23, 9, 8, 2, 3, 4, 39, 40, 0, 1, 41, 38, 37, 36, 35, 34, 33, 32, 31]
Aptidão   : 801.0

Cromossomo: [29, 30, 5, 6, 7, 24, 25, 26, 28, 27, 20, 21, 22, 10, 11, 12, 13, 14, 15, 17, 18, 19, 16, 23, 9, 8, 2, 3, 4, 1, 0, 41, 40, 39, 38, 37, 36, 35, 34, 33, 31, 32]
Aptidão   : 801.0

Cromossomo: [29, 30, 5, 6, 7, 24, 25, 26, 27, 28, 20, 21, 10, 11, 12, 13, 14, 15, 17, 18, 19, 16, 22, 23, 9, 8, 2, 3, 4, 39, 40, 41, 1, 0, 38, 37, 36, 35, 34, 33, 32, 31]
Aptidão   : 801.0

Cromossomo: [29, 30, 5, 6, 7, 24, 25, 26, 28, 27, 20, 21, 22, 10, 11, 12, 13, 14, 15, 17, 18, 19, 16, 23, 9, 8, 2, 3, 4, 39, 1, 0, 41, 40, 38, 37, 36, 35, 34, 33, 32, 31]
Aptidão   : 801.0

Cromossomo: [30, 29, 5, 6, 7, 24, 25, 26, 27, 28, 20, 21, 10, 11, 12, 13, 14, 15, 17, 18, 19, 16, 22, 23, 9, 8, 2, 3, 4, 39, 40, 41, 0, 1, 38, 37, 36, 35, 34, 33, 32, 31]
Aptidão   : 801.0

Cromossomo: [29, 30, 5, 6, 7, 24, 25, 26, 28, 27, 20, 21, 22, 10, 11, 12, 13, 14, 15, 17, 18, 19, 16, 23, 9, 8, 2, 3, 4, 39, 40, 41, 0, 1, 38, 37, 36, 35, 34, 33, 31, 32]
Aptidão   : 801.0

Cromossomo: [29, 30, 5, 6, 7, 24, 26, 25, 28, 27, 20, 21, 22, 10, 11, 12, 13, 14, 15, 17, 18, 19, 16, 23, 9, 8, 2, 3, 4, 39, 40, 41, 0, 1, 38, 37, 36, 35, 34, 33, 32, 31]
Aptidão   : 801.0

Cromossomo: [29, 30, 5, 6, 7, 24, 26, 25, 28, 27, 20, 21, 22, 10, 11, 12, 13, 14, 15, 17, 18, 19, 16, 23, 9, 8, 2, 3, 4, 1, 0, 41, 40, 39, 38, 37, 36, 35, 34, 33, 32, 31]
Aptidão   : 801.0

Cromossomo: [29, 30, 5, 6, 7, 24, 26, 25, 27, 28, 20, 21, 22, 10, 11, 12, 13, 14, 15, 17, 18, 19, 16, 23, 9, 8, 2, 3, 4, 39, 40, 0, 41, 1, 38, 37, 36, 35, 34, 33, 32, 31]
Aptidão   : 801.0

Cromossomo: [29, 30, 5, 6, 7, 24, 26, 25, 27, 28, 20, 21, 22, 10, 11, 12, 13, 14, 15, 17, 18, 19, 16, 23, 9, 8, 2, 3, 4, 1, 41, 0, 40, 39, 38, 37, 36, 35, 34, 33, 32, 31]
Aptidão   : 801.0

Cromossomo: [29, 30, 5, 6, 7, 24, 26, 25, 27, 28, 20, 21, 10, 11, 12, 13, 14, 15, 17, 18, 19, 16, 22, 23, 9, 8, 2, 3, 4, 39, 40, 41, 0, 1, 38, 37, 36, 35, 34, 33, 32, 31]
Aptidão   : 801.0

Cromossomo: [29, 30, 5, 6, 7, 24, 26, 25, 27, 28, 20, 21, 10, 11, 12, 13, 14, 15, 17, 18, 19, 16, 22, 23, 9, 8, 2, 3, 4, 1, 0, 41, 40, 39, 38, 37, 36, 35, 34, 33, 32, 31]
Aptidão   : 801.0

Cromossomo: [29, 30, 5, 6, 7, 25, 26, 27, 28, 20, 21, 10, 11, 12, 13, 14, 15, 17, 18, 19, 16, 22, 23, 24, 9, 8, 2, 3, 4, 39, 41, 0, 40, 1, 38, 37, 36, 35, 34, 33, 32, 31]
Aptidão   : 802.0

Cromossomo: [29, 30, 5, 6, 7, 25, 26, 27, 28, 20, 21, 10, 11, 12, 13, 14, 15, 17, 18, 19, 16, 22, 23, 24, 9, 8, 2, 3, 4, 38, 1, 41, 0, 40, 39, 37, 36, 35, 34, 33, 32, 31]
Aptidão   : 802.0

Cromossomo: [29, 30, 5, 6, 7, 25, 26, 27, 28, 20, 21, 10, 11, 12, 13, 14, 15, 17, 18, 19, 16, 22, 23, 24, 9, 8, 2, 3, 4, 38, 39, 40, 0, 41, 1, 37, 36, 35, 34, 33, 32, 31]
Aptidão   : 802.0

Cromossomo: [29, 30, 5, 6, 7, 25, 26, 28, 27, 20, 21, 10, 11, 12, 13, 14, 15, 17, 18, 19, 16, 22, 23, 24, 9, 8, 2, 3, 4, 1, 41, 0, 40, 39, 38, 37, 36, 35, 34, 33, 31, 32]
Aptidão   : 802.0

Cromossomo: [29, 30, 5, 6, 7, 25, 26, 27, 28, 20, 21, 10, 11, 12, 13, 14, 15, 17, 18, 19, 16, 22, 23, 24, 9, 8, 2, 3, 4, 39, 41, 0, 1, 40, 38, 37, 36, 35, 34, 33, 32, 31]
Aptidão   : 802.0

Cromossomo: [29, 30, 5, 6, 7, 25, 26, 27, 28, 20, 21, 10, 11, 12, 13, 14, 15, 17, 18, 19, 16, 22, 23, 24, 9, 8, 2, 3, 4, 1, 40, 41, 0, 39, 38, 37, 36, 35, 34, 33, 32, 31]
Aptidão   : 802.0

Cromossomo: [29, 30, 5, 6, 7, 25, 26, 27, 28, 20, 21, 10, 11, 12, 13, 14, 15, 17, 18, 19, 16, 22, 23, 24, 9, 8, 2, 3, 4, 39, 1, 0, 40, 41, 38, 37, 36, 35, 34, 33, 32, 31]
Aptidão   : 802.0

Cromossomo: [29, 30, 5, 6, 7, 8, 9, 24, 25, 26, 27, 28, 20, 21, 10, 11, 12, 13, 14, 15, 17, 18, 19, 16, 22, 23, 2, 3, 4, 39, 40, 0, 41, 1, 38, 37, 36, 35, 34, 33, 31, 32]
Aptidão   : 802.0

Cromossomo: [29, 30, 5, 6, 7, 25, 26, 28, 27, 20, 21, 10, 11, 12, 13, 14, 15, 17, 18, 19, 16, 22, 23, 24, 9, 8, 2, 3, 4, 39, 40, 0, 41, 1, 38, 37, 36, 35, 34, 33, 31, 32]
Aptidão   : 802.0

Cromossomo: [29, 30, 5, 6, 7, 25, 26, 27, 28, 20, 21, 10, 11, 12, 13, 14, 15, 17, 18, 19, 16, 22, 23, 24, 9, 8, 2, 3, 4, 39, 40, 1, 41, 0, 38, 37, 36, 35, 34, 33, 32, 31]
Aptidão   : 802.0

Cromossomo: [29, 30, 5, 6, 7, 25, 26, 27, 28, 20, 21, 10, 11, 12, 13, 14, 15, 17, 18, 19, 16, 22, 23, 24, 9, 8, 2, 3, 4, 1, 40, 0, 41, 39, 38, 37, 36, 35, 34, 33, 32, 31]
Aptidão   : 802.0

Cromossomo: [29, 30, 5, 6, 7, 8, 9, 25, 26, 27, 28, 20, 21, 22, 10, 11, 12, 13, 14, 15, 17, 18, 19, 16, 23, 24, 2, 3, 4, 39, 40, 41, 0, 1, 38, 37, 36, 35, 34, 33, 31, 32]
Aptidão   : 802.0

Cromossomo: [29, 30, 5, 6, 7, 8, 9, 24, 25, 26, 27, 28, 20, 21, 10, 11, 12, 13, 14, 15, 17, 18, 19, 16, 22, 23, 2, 3, 4, 39, 1, 41, 0, 40, 38, 37, 36, 35, 34, 33, 32, 31]
Aptidão   : 802.0

Cromossomo: [29, 30, 5, 6, 7, 8, 9, 24, 25, 26, 27, 28, 20, 21, 10, 11, 12, 13, 14, 15, 17, 18, 19, 16, 22, 23, 2, 3, 4, 1, 41, 0, 40, 39, 38, 37, 36, 35, 34, 33, 31, 32]
Aptidão   : 802.0

Cromossomo: [29, 30, 5, 6, 7, 25, 26, 27, 28, 20, 21, 22, 10, 11, 12, 13, 14, 15, 17, 18, 19, 16, 23, 24, 9, 8, 2, 3, 4, 39, 41, 40, 0, 1, 38, 37, 36, 35, 34, 33, 31, 32]
Aptidão   : 802.0

Cromossomo: [29, 30, 5, 6, 7, 8, 9, 24, 25, 26, 27, 28, 20, 21, 22, 10, 11, 12, 13, 14, 15, 17, 18, 19, 16, 23, 2, 3, 4, 39, 40, 0, 1, 41, 38, 37, 36, 35, 34, 33, 32, 31]
Aptidão   : 802.0

Cromossomo: [29, 30, 5, 6, 7, 8, 9, 24, 25, 26, 27, 28, 20, 21, 22, 10, 11, 12, 13, 14, 15, 17, 18, 19, 16, 23, 2, 3, 4, 39, 41, 40, 0, 1, 38, 37, 36, 35, 34, 33, 32, 31]
Aptidão   : 802.0

Cromossomo: [29, 30, 5, 6, 7, 25, 26, 27, 28, 20, 21, 22, 10, 11, 12, 13, 14, 15, 17, 18, 19, 16, 23, 24, 9, 8, 2, 4, 3, 40, 41, 0, 1, 39, 38, 37, 36, 35, 34, 33, 32, 31]
Aptidão   : 802.0

Cromossomo: [29, 30, 5, 6, 7, 25, 26, 27, 28, 20, 21, 10, 11, 12, 13, 14, 15, 17, 18, 19, 16, 22, 23, 24, 9, 8, 2, 3, 4, 39, 1, 41, 0, 40, 38, 37, 36, 35, 34, 33, 31, 32]
Aptidão   : 802.0

Cromossomo: [29, 30, 5, 6, 7, 25, 26, 28, 27, 20, 21, 10, 11, 12, 13, 14, 15, 17, 18, 19, 16, 22, 23, 24, 9, 8, 2, 3, 4, 39, 1, 41, 0, 40, 38, 37, 36, 35, 34, 33, 32, 31]
Aptidão   : 802.0

Cromossomo: [29, 30, 5, 6, 7, 8, 9, 24, 25, 26, 27, 28, 20, 21, 22, 10, 11, 12, 13, 14, 15, 17, 18, 19, 16, 23, 2, 3, 4, 39, 40, 41, 1, 0, 38, 37, 36, 35, 34, 33, 32, 31]
Aptidão   : 802.0

Cromossomo: [29, 30, 5, 6, 7, 26, 25, 27, 28, 20, 21, 22, 10, 11, 12, 13, 14, 15, 17, 18, 19, 16, 23, 24, 9, 8, 2, 3, 4, 1, 0, 41, 40, 39, 38, 37, 36, 35, 34, 33, 31, 32]
Aptidão   : 802.0

Cromossomo: [29, 30, 5, 6, 7, 8, 9, 24, 25, 26, 28, 27, 20, 21, 10, 11, 12, 13, 14, 15, 17, 18, 19, 16, 22, 23, 2, 3, 4, 39, 40, 0, 41, 1, 38, 37, 36, 35, 34, 33, 32, 31]
Aptidão   : 802.0

Cromossomo: [29, 30, 5, 6, 7, 8, 9, 25, 26, 27, 28, 20, 21, 22, 10, 11, 12, 13, 14, 15, 17, 18, 19, 16, 23, 24, 2, 3, 4, 1, 0, 41, 40, 39, 38, 37, 36, 35, 34, 33, 31, 32]
Aptidão   : 802.0

Cromossomo: [29, 30, 5, 6, 7, 25, 26, 27, 28, 20, 21, 10, 11, 12, 13, 14, 15, 17, 18, 19, 16, 22, 23, 24, 9, 8, 2, 3, 4, 39, 0, 41, 40, 1, 38, 37, 36, 35, 34, 33, 32, 31]
Aptidão   : 802.0

Cromossomo: [29, 30, 5, 6, 7, 25, 26, 28, 27, 20, 21, 22, 10, 11, 12, 13, 14, 15, 17, 18, 19, 16, 23, 24, 9, 8, 2, 3, 4, 39, 40, 41, 1, 0, 38, 37, 36, 35, 34, 33, 32, 31]
Aptidão   : 802.0

Cromossomo: [29, 30, 5, 6, 7, 26, 25, 27, 28, 20, 21, 22, 10, 11, 12, 13, 14, 15, 17, 18, 19, 16, 23, 24, 9, 8, 2, 3, 4, 39, 1, 0, 41, 40, 38, 37, 36, 35, 34, 33, 32, 31]
Aptidão   : 802.0

Cromossomo: [30, 29, 5, 6, 7, 25, 26, 28, 27, 20, 21, 22, 10, 11, 12, 13, 14, 15, 17, 18, 19, 16, 23, 24, 9, 8, 2, 3, 4, 1, 0, 41, 40, 39, 38, 37, 36, 35, 34, 33, 32, 31]
Aptidão   : 802.0

Cromossomo: [29, 30, 5, 6, 7, 26, 25, 27, 28, 20, 21, 22, 10, 11, 12, 13, 14, 15, 17, 18, 19, 16, 23, 24, 9, 8, 2, 3, 4, 39, 40, 41, 0, 1, 38, 37, 36, 35, 34, 33, 31, 32]
Aptidão   : 802.0

Cromossomo: [29, 30, 5, 6, 7, 25, 26, 27, 28, 20, 21, 22, 10, 11, 12, 13, 14, 15, 17, 18, 19, 16, 23, 24, 9, 8, 2, 3, 4, 39, 0, 41, 1, 40, 38, 37, 36, 35, 34, 33, 32, 31]
Aptidão   : 802.0

Cromossomo: [29, 30, 5, 6, 7, 25, 26, 28, 27, 20, 21, 22, 10, 11, 12, 13, 14, 15, 17, 18, 19, 16, 23, 24, 9, 8, 2, 3, 4, 39, 41, 40, 0, 1, 38, 37, 36, 35, 34, 33, 32, 31]
Aptidão   : 802.0

Cromossomo: [30, 29, 5, 6, 7, 25, 26, 27, 28, 20, 21, 22, 10, 11, 12, 13, 14, 15, 17, 18, 19, 16, 23, 24, 9, 8, 2, 3, 4, 39, 1, 0, 41, 40, 38, 37, 36, 35, 34, 33, 32, 31]
Aptidão   : 802.0

Cromossomo: [29, 30, 5, 6, 7, 8, 9, 25, 26, 27, 28, 20, 21, 22, 10, 11, 12, 13, 14, 15, 17, 18, 19, 16, 23, 24, 2, 3, 4, 39, 1, 0, 41, 40, 38, 37, 36, 35, 34, 33, 32, 31]
Aptidão   : 802.0

Cromossomo: [29, 30, 5, 6, 7, 8, 25, 26, 27, 28, 20, 21, 22, 10, 11, 12, 13, 14, 15, 17, 18, 19, 16, 23, 24, 9, 2, 3, 4, 1, 0, 41, 40, 39, 38, 37, 36, 35, 34, 33, 32, 31]
Aptidão   : 802.0

Cromossomo: [29, 30, 5, 6, 7, 26, 25, 28, 27, 20, 21, 10, 11, 12, 13, 14, 15, 17, 18, 19, 16, 22, 23, 24, 9, 8, 2, 3, 4, 39, 40, 0, 41, 1, 38, 37, 36, 35, 34, 33, 32, 31]
Aptidão   : 802.0

Cromossomo: [29, 30, 5, 6, 7, 25, 26, 27, 28, 20, 22, 10, 11, 12, 13, 14, 15, 17, 18, 19, 16, 21, 23, 24, 9, 8, 2, 3, 4, 39, 40, 0, 41, 1, 38, 37, 36, 35, 34, 33, 32, 31]
Aptidão   : 802.0

Cromossomo: [29, 30, 5, 6, 7, 25, 26, 27, 28, 20, 21, 22, 10, 11, 12, 13, 14, 15, 17, 18, 19, 16, 23, 24, 9, 8, 2, 3, 4, 39, 40, 41, 1, 0, 38, 37, 36, 35, 34, 33, 31, 32]
Aptidão   : 802.0

Cromossomo: [29, 30, 5, 6, 7, 25, 26, 28, 27, 20, 21, 22, 10, 11, 12, 13, 14, 15, 17, 18, 19, 16, 23, 24, 9, 8, 2, 3, 4, 39, 40, 0, 1, 41, 38, 37, 36, 35, 34, 33, 32, 31]
Aptidão   : 802.0

Cromossomo: [29, 30, 5, 6, 7, 25, 26, 27, 28, 20, 21, 22, 10, 11, 12, 13, 14, 15, 17, 18, 19, 16, 23, 24, 9, 8, 2, 3, 4, 0, 1, 41, 40, 39, 38, 37, 36, 35, 34, 33, 32, 31]
Aptidão   : 802.0

Cromossomo: [29, 30, 5, 6, 7, 8, 25, 26, 27, 28, 20, 21, 22, 10, 11, 12, 13, 14, 15, 17, 18, 19, 16, 23, 24, 9, 2, 3, 4, 39, 40, 41, 0, 1, 38, 37, 36, 35, 34, 33, 32, 31]
Aptidão   : 802.0

Cromossomo: [29, 30, 5, 6, 7, 8, 9, 25, 26, 28, 27, 20, 21, 22, 10, 11, 12, 13, 14, 15, 17, 18, 19, 16, 23, 24, 2, 3, 4, 39, 40, 41, 0, 1, 38, 37, 36, 35, 34, 33, 32, 31]
Aptidão   : 802.0

Cromossomo: [29, 30, 5, 6, 7, 25, 26, 27, 28, 20, 21, 10, 11, 12, 13, 14, 15, 17, 18, 19, 16, 22, 23, 24, 9, 8, 2, 3, 4, 40, 0, 41, 1, 39, 38, 37, 36, 35, 34, 33, 32, 31]
Aptidão   : 802.0

Cromossomo: [29, 30, 5, 6, 7, 25, 26, 27, 28, 20, 21, 22, 10, 11, 12, 13, 14, 15, 17, 18, 19, 16, 23, 24, 9, 8, 2, 3, 4, 39, 40, 0, 1, 41, 38, 37, 36, 35, 34, 33, 31, 32]
Aptidão   : 802.0

Cromossomo: [29, 30, 5, 6, 7, 8, 9, 24, 25, 26, 28, 27, 20, 21, 10, 11, 12, 13, 14, 15, 17, 18, 19, 16, 22, 23, 2, 3, 4, 1, 41, 0, 40, 39, 38, 37, 36, 35, 34, 33, 32, 31]
Aptidão   : 802.0

Cromossomo: [29, 30, 5, 6, 8, 25, 26, 27, 28, 20, 21, 22, 10, 11, 12, 13, 14, 15, 17, 18, 19, 16, 23, 24, 9, 7, 2, 3, 4, 39, 40, 0, 41, 1, 38, 37, 36, 35, 34, 33, 32, 31]
Aptidão   : 802.0

Cromossomo: [29, 30, 5, 6, 7, 25, 26, 27, 28, 20, 22, 10, 11, 12, 13, 14, 15, 17, 18, 19, 16, 21, 23, 24, 9, 8, 2, 3, 4, 1, 41, 0, 40, 39, 38, 37, 36, 35, 34, 33, 32, 31]
Aptidão   : 802.0

Cromossomo: [29, 30, 5, 6, 7, 8, 9, 24, 26, 25, 27, 28, 20, 21, 22, 10, 11, 12, 13, 14, 15, 17, 18, 19, 16, 23, 2, 3, 4, 39, 40, 41, 0, 1, 38, 37, 36, 35, 34, 33, 32, 31]
Aptidão   : 802.0

Cromossomo: [29, 30, 5, 6, 7, 26, 25, 28, 27, 20, 21, 10, 11, 12, 13, 14, 15, 17, 18, 19, 16, 22, 23, 24, 9, 8, 2, 3, 4, 1, 41, 0, 40, 39, 38, 37, 36, 35, 34, 33, 32, 31]
Aptidão   : 802.0

Cromossomo: [29, 30, 5, 6, 7, 25, 26, 27, 28, 20, 21, 22, 10, 11, 12, 13, 14, 15, 17, 18, 19, 16, 23, 24, 9, 8, 4, 3, 2, 1, 41, 0, 40, 39, 38, 37, 36, 35, 34, 33, 32, 31]
Aptidão   : 802.0

Cromossomo: [29, 30, 5, 6, 7, 25, 26, 27, 28, 20, 21, 22, 10, 11, 12, 13, 14, 15, 17, 18, 19, 16, 23, 24, 9, 8, 2, 3, 4, 1, 0, 40, 41, 39, 38, 37, 36, 35, 34, 33, 31, 32]
Aptidão   : 802.0

Cromossomo: [29, 30, 5, 6, 7, 8, 24, 25, 26, 27, 28, 20, 21, 22, 10, 11, 12, 13, 14, 15, 17, 18, 19, 16, 23, 9, 2, 3, 4, 1, 0, 41, 40, 39, 38, 37, 36, 35, 34, 33, 32, 31]
Aptidão   : 802.0

Cromossomo: [30, 29, 5, 6, 7, 8, 9, 24, 25, 26, 27, 28, 20, 21, 22, 10, 11, 12, 13, 14, 15, 17, 18, 19, 16, 23, 2, 3, 4, 1, 0, 41, 40, 39, 38, 37, 36, 35, 34, 33, 32, 31]
Aptidão   : 802.0

Cromossomo: [29, 30, 5, 6, 7, 8, 9, 24, 26, 25, 27, 28, 20, 21, 22, 10, 11, 12, 13, 14, 15, 17, 18, 19, 16, 23, 2, 3, 4, 1, 0, 41, 40, 39, 38, 37, 36, 35, 34, 33, 32, 31]
Aptidão   : 802.0

Cromossomo: [30, 29, 5, 6, 7, 25, 26, 28, 27, 20, 21, 22, 10, 11, 12, 13, 14, 15, 17, 18, 19, 16, 23, 24, 9, 8, 2, 3, 4, 39, 40, 41, 0, 1, 38, 37, 36, 35, 34, 33, 32, 31]
Aptidão   : 802.0

Cromossomo: [29, 30, 5, 6, 8, 25, 26, 27, 28, 20, 21, 22, 10, 11, 12, 13, 14, 15, 17, 18, 19, 16, 23, 24, 9, 7, 2, 3, 4, 1, 41, 0, 40, 39, 38, 37, 36, 35, 34, 33, 32, 31]
Aptidão   : 802.0

Cromossomo: [29, 30, 5, 6, 7, 8, 9, 25, 26, 28, 27, 20, 21, 22, 10, 11, 12, 13, 14, 15, 17, 18, 19, 16, 23, 24, 2, 3, 4, 1, 0, 41, 40, 39, 38, 37, 36, 35, 34, 33, 32, 31]
Aptidão   : 802.0

Cromossomo: [29, 30, 5, 6, 7, 8, 9, 24, 25, 26, 27, 28, 20, 21, 22, 10, 11, 12, 13, 14, 15, 17, 18, 19, 16, 23, 2, 3, 4, 1, 0, 40, 41, 39, 38, 37, 36, 35, 34, 33, 32, 31]
Aptidão   : 802.0

Cromossomo: [30, 29, 5, 6, 7, 8, 9, 24, 25, 26, 27, 28, 20, 21, 22, 10, 11, 12, 13, 14, 15, 17, 18, 19, 16, 23, 2, 3, 4, 39, 40, 41, 0, 1, 38, 37, 36, 35, 34, 33, 32, 31]
Aptidão   : 802.0

Cromossomo: [29, 30, 5, 6, 7, 8, 24, 25, 26, 27, 28, 20, 21, 22, 10, 11, 12, 13, 14, 15, 17, 18, 19, 16, 23, 9, 2, 3, 4, 39, 40, 41, 0, 1, 38, 37, 36, 35, 34, 33, 32, 31]
Aptidão   : 802.0

Cromossomo: [29, 30, 5, 6, 7, 25, 26, 27, 28, 20, 21, 22, 10, 11, 12, 13, 14, 15, 17, 18, 19, 16, 23, 24, 9, 8, 2, 3, 4, 39, 1, 41, 40, 0, 38, 37, 36, 35, 34, 33, 32, 31]
Aptidão   : 802.0

Cromossomo: [29, 30, 5, 6, 7, 25, 26, 28, 27, 20, 21, 22, 10, 11, 12, 13, 14, 15, 17, 18, 19, 16, 23, 24, 9, 8, 2, 3, 4, 1, 0, 40, 41, 39, 38, 37, 36, 35, 34, 33, 32, 31]
Aptidão   : 802.0

Cromossomo: [29, 30, 5, 6, 7, 8, 9, 24, 25, 26, 27, 28, 20, 21, 22, 10, 11, 12, 13, 14, 15, 17, 18, 19, 16, 23, 4, 3, 2, 1, 0, 41, 40, 39, 38, 37, 36, 35, 34, 33, 32, 31]
Aptidão   : 802.0

Cromossomo: [29, 30, 5, 6, 7, 25, 26, 27, 28, 20, 21, 10, 11, 12, 13, 14, 15, 17, 18, 19, 16, 22, 23, 24, 9, 8, 4, 3, 2, 1, 0, 41, 40, 39, 38, 37, 36, 35, 34, 33, 32, 31]
Aptidão   : 802.0

Cromossomo: [29, 30, 5, 6, 7, 9, 24, 25, 26, 27, 28, 20, 21, 10, 11, 12, 13, 14, 15, 17, 18, 19, 16, 22, 23, 8, 2, 3, 4, 39, 40, 41, 0, 1, 38, 37, 36, 35, 34, 33, 32, 31]
Aptidão   : 802.0

Cromossomo: [29, 30, 5, 6, 7, 9, 24, 25, 26, 27, 28, 20, 21, 10, 11, 12, 13, 14, 15, 17, 18, 19, 16, 22, 23, 8, 2, 3, 4, 1, 0, 41, 40, 39, 38, 37, 36, 35, 34, 33, 32, 31]
Aptidão   : 802.0

Cromossomo: [29, 30, 5, 6, 7, 25, 26, 27, 28, 20, 21, 22, 10, 11, 12, 13, 14, 15, 17, 18, 19, 16, 23, 24, 9, 8, 4, 3, 2, 0, 1, 41, 40, 39, 38, 37, 36, 35, 34, 33, 32, 31]
Aptidão   : 802.0

Cromossomo: [29, 30, 5, 6, 7, 25, 26, 27, 28, 20, 21, 10, 11, 12, 13, 14, 15, 17, 18, 19, 16, 22, 23, 24, 9, 8, 2, 4, 3, 0, 1, 41, 40, 39, 38, 37, 36, 35, 34, 33, 32, 31]
Aptidão   : 802.0

Cromossomo: [29, 30, 5, 6, 7, 9, 24, 25, 26, 27, 28, 20, 21, 22, 10, 11, 12, 13, 14, 15, 17, 18, 19, 16, 23, 8, 2, 3, 4, 39, 40, 0, 41, 1, 38, 37, 36, 35, 34, 33, 32, 31]
Aptidão   : 802.0

Cromossomo: [29, 30, 5, 6, 7, 9, 24, 25, 26, 27, 28, 20, 21, 22, 10, 11, 12, 13, 14, 15, 17, 18, 19, 16, 23, 8, 2, 3, 4, 1, 41, 0, 40, 39, 38, 37, 36, 35, 34, 33, 32, 31]
Aptidão   : 802.0

Cromossomo: [29, 30, 5, 6, 7, 25, 26, 27, 28, 20, 21, 22, 10, 11, 12, 13, 14, 15, 17, 18, 19, 16, 23, 24, 9, 8, 2, 3, 4, 41, 1, 0, 40, 39, 38, 37, 36, 35, 34, 33, 32, 31]
Aptidão   : 802.0

Cromossomo: [29, 30, 5, 6, 8, 9, 24, 25, 26, 27, 28, 20, 21, 10, 11, 12, 13, 14, 15, 17, 18, 19, 16, 22, 23, 7, 2, 3, 4, 39, 40, 41, 1, 0, 38, 37, 36, 35, 34, 33, 32, 31]
Aptidão   : 802.0

Cromossomo: [29, 30, 5, 6, 8, 9, 24, 25, 26, 27, 28, 20, 21, 10, 11, 12, 13, 14, 15, 17, 18, 19, 16, 22, 23, 7, 2, 3, 4, 1, 0, 40, 41, 39, 38, 37, 36, 35, 34, 33, 32, 31]
Aptidão   : 802.0

Cromossomo: [29, 30, 5, 6, 7, 25, 26, 27, 28, 20, 21, 22, 10, 11, 12, 13, 14, 15, 17, 18, 19, 16, 23, 24, 9, 8, 2, 4, 3, 41, 1, 0, 40, 39, 38, 37, 36, 35, 34, 33, 32, 31]
Aptidão   : 802.0

Cromossomo: [29, 30, 5, 6, 8, 9, 24, 25, 26, 27, 28, 20, 21, 10, 11, 12, 13, 14, 15, 17, 18, 19, 16, 22, 23, 7, 2, 3, 4, 39, 40, 0, 1, 41, 38, 37, 36, 35, 34, 33, 32, 31]
Aptidão   : 802.0

Cromossomo: [29, 30, 5, 6, 8, 9, 24, 25, 26, 27, 28, 20, 21, 10, 11, 12, 13, 14, 15, 17, 18, 19, 16, 22, 23, 7, 2, 3, 4, 39, 41, 40, 0, 1, 38, 37, 36, 35, 34, 33, 32, 31]
Aptidão   : 802.0

Cromossomo: [30, 29, 5, 6, 8, 9, 24, 25, 26, 27, 28, 20, 21, 10, 11, 12, 13, 14, 15, 17, 18, 19, 16, 22, 23, 7, 2, 3, 4, 1, 0, 41, 40, 39, 38, 37, 36, 35, 34, 33, 32, 31]
Aptidão   : 802.0

Cromossomo: [30, 29, 5, 6, 8, 9, 24, 25, 26, 27, 28, 20, 21, 10, 11, 12, 13, 14, 15, 17, 18, 19, 16, 22, 23, 7, 2, 3, 4, 39, 40, 41, 0, 1, 38, 37, 36, 35, 34, 33, 32, 31]
Aptidão   : 802.0

Cromossomo: [29, 30, 5, 6, 8, 9, 24, 26, 25, 27, 28, 20, 21, 10, 11, 12, 13, 14, 15, 17, 18, 19, 16, 22, 23, 7, 2, 3, 4, 39, 40, 41, 0, 1, 38, 37, 36, 35, 34, 33, 32, 31]
Aptidão   : 802.0

Cromossomo: [29, 30, 5, 6, 8, 9, 24, 25, 26, 27, 28, 20, 21, 22, 10, 11, 12, 13, 14, 15, 17, 18, 19, 16, 23, 7, 2, 3, 4, 38, 39, 40, 41, 0, 1, 37, 36, 35, 34, 33, 32, 31]
Aptidão   : 802.0

Cromossomo: [29, 30, 5, 6, 8, 9, 24, 25, 26, 27, 28, 20, 21, 22, 10, 11, 12, 13, 14, 15, 17, 18, 19, 16, 23, 7, 2, 3, 4, 39, 0, 1, 41, 40, 38, 37, 36, 35, 34, 33, 32, 31]
Aptidão   : 802.0

Cromossomo: [29, 30, 5, 6, 8, 9, 24, 25, 26, 27, 28, 20, 21, 22, 10, 11, 12, 13, 14, 15, 17, 18, 19, 16, 23, 7, 2, 3, 4, 39, 1, 0, 41, 40, 38, 37, 36, 35, 34, 33, 31, 32]
Aptidão   : 802.0

Cromossomo: [29, 30, 5, 6, 8, 9, 25, 26, 27, 28, 20, 21, 22, 10, 11, 12, 13, 14, 15, 17, 18, 19, 16, 23, 24, 7, 2, 3, 4, 39, 40, 0, 1, 41, 38, 37, 36, 35, 34, 33, 32, 31]
Aptidão   : 802.0

Cromossomo: [29, 30, 5, 6, 8, 9, 24, 26, 25, 27, 28, 20, 21, 22, 10, 11, 12, 13, 14, 15, 17, 18, 19, 16, 23, 7, 2, 3, 4, 1, 41, 0, 40, 39, 38, 37, 36, 35, 34, 33, 32, 31]
Aptidão   : 802.0

Cromossomo: [30, 29, 5, 6, 8, 9, 25, 26, 27, 28, 20, 21, 22, 10, 11, 12, 13, 14, 15, 17, 18, 19, 16, 23, 24, 7, 2, 3, 4, 1, 0, 41, 40, 39, 38, 37, 36, 35, 34, 33, 32, 31]
Aptidão   : 802.0

Cromossomo: [29, 30, 5, 6, 8, 9, 25, 26, 27, 28, 20, 21, 22, 10, 11, 12, 13, 14, 15, 17, 18, 19, 16, 23, 24, 7, 2, 3, 4, 39, 41, 40, 0, 1, 38, 37, 36, 35, 34, 33, 32, 31]
Aptidão   : 802.0

Cromossomo: [29, 30, 5, 6, 8, 9, 24, 25, 26, 27, 28, 20, 21, 22, 10, 11, 12, 13, 14, 15, 17, 18, 19, 16, 23, 7, 2, 3, 4, 1, 41, 40, 0, 39, 38, 37, 36, 35, 34, 33, 32, 31]
Aptidão   : 802.0

Cromossomo: [29, 30, 5, 6, 8, 9, 24, 26, 25, 27, 28, 20, 21, 22, 10, 11, 12, 13, 14, 15, 17, 18, 19, 16, 23, 7, 2, 3, 4, 39, 40, 0, 41, 1, 38, 37, 36, 35, 34, 33, 32, 31]
Aptidão   : 802.0

Cromossomo: [30, 29, 5, 6, 8, 9, 24, 25, 26, 27, 28, 20, 21, 22, 10, 11, 12, 13, 14, 15, 17, 18, 19, 16, 23, 7, 2, 3, 4, 1, 41, 0, 40, 39, 38, 37, 36, 35, 34, 33, 32, 31]
Aptidão   : 802.0

Cromossomo: [30, 29, 5, 6, 8, 9, 24, 25, 26, 27, 28, 20, 21, 22, 10, 11, 12, 13, 14, 15, 17, 18, 19, 16, 23, 7, 2, 3, 4, 39, 40, 0, 41, 1, 38, 37, 36, 35, 34, 33, 32, 31]
Aptidão   : 802.0

Cromossomo: [29, 30, 5, 6, 8, 9, 24, 25, 26, 27, 28, 20, 21, 22, 10, 11, 12, 13, 14, 15, 17, 18, 19, 16, 23, 7, 2, 3, 4, 39, 40, 1, 0, 41, 38, 37, 36, 35, 34, 33, 32, 31]
Aptidão   : 802.0


=============Melhor Cromossomo===================
Cromossomo: [29, 30, 5, 6, 7, 25, 26, 27, 28, 20, 21, 22, 10, 11, 12, 13, 14, 15, 17, 18, 19, 16, 23, 24, 9, 8, 2, 3, 4, 39, 40, 41, 0, 1, 38, 37, 36, 35, 34, 33, 32, 31]
Aptidão   : 794.0